5.538461538461538769e-01
4.615384615384615641e-01
3.846153846153848033e-01
3.307692307692307598e-01
2.938461538461539235e-01
2.705128205128205510e-01
2.505494505494503255e-01
2.336538461538461564e-01
2.188034188034185534e-01
2.069230769230770428e-01
1.958041958041958353e-01
1.878205128205127361e-01
1.798816568047335585e-01
1.708791208791210214e-01
1.620512820512819141e-01
1.557692307692307709e-01
1.497737556561083982e-01
1.444444444444444586e-01
1.392712550607287103e-01
1.334615384615386036e-01
1.285714285714284477e-01
1.241258741258741832e-01
1.190635451505016318e-01
1.153846153846153216e-01
1.119999999999998497e-01
1.088757396449702985e-01
1.056980056980055815e-01
1.030219780219781001e-01
1.005305039787799531e-01
9.820512820512809771e-02
9.578163771712173979e-02
9.350961538461538547e-02
9.160839160839175099e-02
9.004524886877816880e-02
8.879120879120867837e-02
8.653846153846163347e-02
8.503118503118496652e-02
8.319838056680166349e-02
8.165680473372771697e-02
8.000000000000007105e-02
7.823639774859277030e-02
7.655677655677646520e-02
7.495527728085872587e-02
7.360139860139867929e-02
7.213675213675203868e-02
7.073578595317726869e-02
6.923076923076915135e-02
6.794871794871795712e-02
6.687598116169542195e-02
6.584615384615372102e-02
6.485671191553538106e-02
6.420118343195266308e-02
6.298984034833099432e-02
6.182336182336177488e-02
6.083916083916086209e-02
5.989010989010994795e-02
5.910931174089062434e-02
5.822281167108760841e-02
5.762711864406774159e-02
5.666666666666661523e-02
5.598991172761657448e-02
5.533498759305220671e-02
5.470085470085464530e-02
5.384615384615384914e-02
5.301775147928988741e-02
5.233100233100242138e-02
5.166475315729049389e-02
5.090497737556554797e-02
5.039018952062436496e-02
4.978021978021971577e-02
4.907908992416042809e-02
4.850427350427355400e-02
4.783983140147519270e-02
4.740124740124734143e-02
4.707692307692312728e-02
4.665991902834012994e-02
4.625374625374628623e-02
4.566074950690329065e-02
4.518013631937688873e-02
4.471153846153850392e-02
4.415954415954420620e-02
4.362101313320815993e-02
4.309545875810939092e-02
4.267399267399262647e-02
4.226244343891397831e-02
4.186046511627910388e-02
4.146772767462422044e-02
4.099650349650353631e-02
4.062229904926531465e-02
4.017094017094012537e-02
3.981403212172438671e-02
3.938127090301003774e-02
3.904052936310998395e-02
3.870703764320782003e-02
3.838056680161938683e-02
3.798076923076923461e-02
3.758921490880249433e-02
3.720565149136580152e-02
3.682983682983683588e-02
3.646153846153839945e-02
3.610053313023611765e-02
3.574660633484158523e-02
3.539955190440633587e-02
3.513313609467457604e-02
3.479853479853475817e-02
3.447024673439769149e-02
3.414809489575838797e-02
3.390313390313389602e-02
3.359209597741708020e-02
3.328671328671328061e-02
3.298683298683298404e-02
3.269230769230770106e-02
3.240299523485361266e-02
3.211875843454789492e-02
3.183946488294311927e-02
3.156498673740056743e-02
3.129520052596972829e-02
3.102998696219033681e-02
3.076923076923074318e-02
3.051282051282048699e-02
3.026064844246666163e-02
3.001261034047915388e-02
2.976860537836150886e-02
2.952853598014893236e-02
2.929230769230771123e-02
2.905982905982902945e-02
2.883101150817684449e-02
2.860576923076922976e-02
2.844364937388194764e-02
2.828402366863902451e-02
2.806811509101582100e-02
2.785547785547790728e-02
2.770387507229610247e-02
2.749712973593571030e-02
2.729344729344729270e-02
2.714932126696829179e-02
2.695115103874227633e-02
2.675585284280939877e-02
2.656336469286106269e-02
2.642857142857139505e-02
2.624113475177301813e-02
2.605633802816905917e-02
2.587412587412590836e-02
2.569444444444447459e-02
2.551724137931030145e-02
2.534246575342461935e-02
2.522239665096803404e-02
2.510395010395008106e-02
2.493546721734644228e-02
2.476923076923078643e-02
2.460519612837491418e-02
2.444331983805670891e-02
2.428355957767719397e-02
2.412587412587414645e-02
2.397022332506201087e-02
2.381656804733724847e-02
2.366487016168550978e-02
2.351509250243430729e-02
2.336719883889701310e-02
2.322115384615386358e-02
2.307692307692304351e-02
2.298195631528967761e-02
2.284096271826330585e-02
2.274859287054403767e-02
2.261072261072256950e-02
2.247451343836887397e-02
2.233993551358818067e-02
2.220695970695968011e-02
2.207555757851611955e-02
2.194570135746603742e-02
2.181736392262710600e-02
2.169051878354205654e-02
2.156514006224986499e-02
2.144120247568520946e-02
2.136263736263739610e-02
2.124125874125877209e-02
2.112125162972617806e-02
2.104580812445980970e-02
2.097120756338636746e-02
2.085470085470083126e-02
2.073948151296217679e-02
2.062552831783598384e-02
2.051282051282047117e-02
2.040133779264214145e-02
2.029106029106025888e-02
2.018196856906533110e-02
2.007404360345539304e-02
1.996726677577740153e-02
1.986161986161984541e-02
1.975708502024288438e-02
1.965364478453485164e-02
1.955128205128205468e-02
1.948983658828220764e-02
1.938937351308482951e-02
1.928994082840234173e-02
1.919152276295134699e-02
1.909410386567746143e-02
1.903651903651903607e-02
1.894085813683801800e-02
1.884615384615381112e-02
1.875239188672025992e-02
1.865955826351866839e-02
1.856763925729446388e-02
1.847662141779786785e-02
1.838649155722327233e-02
1.829723674383872470e-02
1.820884429580084396e-02
1.812130177514794868e-02
1.803459698196541172e-02
1.794871794871792658e-02
1.786365293474300245e-02
1.781567489114658717e-02
1.773203322499095416e-02
1.764917325664985825e-02
1.756708407871201277e-02
1.748575498575498724e-02
1.740517546969160001e-02
1.732533521524347656e-02
1.724622409553917129e-02
1.716783216783216576e-02
1.709014966933516608e-02
1.701316701316701527e-02
1.693687478440840388e-02
1.686126373626373881e-02
1.678632478632477790e-02
1.671204901293395217e-02
1.663842765164351076e-02
1.656545209176786895e-02
1.649311387302651241e-02
1.645484949832776156e-02
1.638361638361638534e-02
1.631299734748013069e-02
1.624298448332783112e-02
1.617357001972384925e-02
1.610474631751225572e-02
1.603650586701434178e-02
1.596884128529696759e-02
1.590174531351000453e-02
1.583521081429029725e-02
1.576923076923076456e-02
1.570379827641237014e-02
1.563890654799747829e-02
1.557454890788225604e-02
1.551071878940729273e-02
1.544740973312403592e-02
1.538461538461539761e-02
1.532232949236996856e-02
1.526054590570722486e-02
1.519925857275256781e-02
1.513846153846154854e-02
1.507814894269076528e-02
1.501831501831500486e-02
1.495895408938885396e-02
1.490006056935189865e-02
1.484162895927600492e-02
1.478365384615384567e-02
1.472612990122716507e-02
1.466905187835421294e-02
1.461241461241460406e-02
1.455621301775146710e-02
1.450044208664899754e-02
1.444509688784496003e-02
1.439017256507748969e-02
1.433566433566436406e-02
1.428156748911465698e-02
1.425679583574318912e-02
1.420339959665803398e-02
1.417910447761194445e-02
1.412639405204458784e-02
1.407407407407407392e-02
1.405052512063580290e-02
1.399886877828052795e-02
1.394759087066777849e-02
1.389668725435148564e-02
1.384615384615386392e-02
1.379598662207359716e-02
1.374618161621773450e-02
1.369673491975648659e-02
1.364764267990072923e-02
1.359890109890108181e-02
1.355050643306873054e-02
1.352973267866883385e-02
1.348192443598806092e-02
1.343445287107261632e-02
1.338731443994603185e-02
1.334050564819797176e-02
1.329402305012060068e-02
1.324786324786326672e-02
1.320202289060422481e-02
1.315649867374002815e-02
1.311128733809144645e-02
1.306638566912537470e-02
1.304804410606459804e-02
1.300366300366297481e-02
1.295958279009124491e-02
1.291580041580040090e-02
1.287231287231288893e-02
1.282911719153331277e-02
1.278621044507331599e-02
1.274358974358975709e-02
1.270125223613594208e-02
1.268466632705041522e-02
1.264280274181263375e-02
1.260121457489880165e-02
1.255989911727615864e-02
1.251885369532426857e-02
1.247807567025808508e-02
1.243756243756244904e-02
1.244709982574061270e-02
1.240694789081884554e-02
1.239178827603263505e-02
1.235207100591714444e-02
1.231260752027524448e-02
1.227339539441453693e-02
1.223443223443221838e-02
1.219571567672835151e-02
1.215724338752728617e-02
1.211901306240932216e-02
1.208102242584999444e-02
1.204326923076923933e-02
1.200575125808767130e-02
1.196846631629238863e-02
1.193141224100978393e-02
1.189458689458690842e-02
1.185798816568045533e-02
1.184521000471919217e-02
1.180898612091270741e-02
1.177298311444649991e-02
1.173719897124153415e-02
1.170163170163168558e-02
1.166627933999536681e-02
1.163113994439296181e-02
1.159621159621160129e-02
1.156149239981573915e-02
1.152698048220434333e-02
1.149267399267397960e-02
1.145857110248800319e-02
1.142467000455164167e-02
1.139096891309280060e-02
1.135746606334840300e-02
1.132415971125647937e-02
1.129104813315341509e-02
1.125812962547658239e-02
1.122540250447228230e-02
1.119286510590858548e-02
1.116051578479322799e-02
1.112835291509644761e-02
1.109637488947832519e-02
1.106458011902137183e-02
1.103296703296705213e-02
1.100153407845716295e-02
1.097027972027973981e-02
1.093920244061886461e-02
1.090830073880919189e-02
1.087757313109425153e-02
1.084701815038894256e-02
1.081663434604609834e-02
1.078642028362700872e-02
1.075637454467537855e-02
1.072649572649571337e-02
1.069678244193477540e-02
1.066723331916701913e-02
1.063784700148334879e-02
1.060862214708367321e-02
1.057955742887251201e-02
1.055065153425806951e-02
1.052190316495493598e-02
1.049331103678929900e-02
1.046487387950800936e-02
1.043659043659042260e-02
1.040845946506324150e-02
1.038047973531843957e-02
1.035265003093421843e-02
1.032496914849857263e-02
1.029743589743589705e-02
1.027004909983632829e-02
1.024280759028769854e-02
1.021571021571020602e-02
1.018875583519382629e-02
1.016194331983804114e-02
1.013527155259438643e-02
1.010873942811116311e-02
1.008234585258083009e-02
1.005608974358974776e-02
1.002997002997000481e-02
1.000398565165405880e-02
9.978135559530918949e-03
9.952418715305300437e-03
9.926834091358504794e-03
9.901380670611428791e-03
9.876057446389927344e-03
9.850863422292001348e-03
9.845370914073186056e-03
9.820382663022254183e-03
9.795520934761457743e-03
9.770784770784770451e-03
9.746173222243760190e-03
9.721685349826045611e-03
9.697320223636000935e-03
9.673076923076904046e-03
9.648954536735077775e-03
9.624952162265602851e-03
9.601068906279817614e-03
9.577303884234581940e-03
9.553656220322868237e-03
9.530125047366444502e-03
9.506709506709511495e-03
9.483408748114619327e-03
9.460221929659586720e-03
9.437148217636026626e-03
9.414186786449582275e-03
9.391336818521308152e-03
9.368597504190742317e-03
9.345968041620227734e-03
9.323447636700652602e-03
9.301035502958594076e-03
9.278730861464665886e-03
9.256532940743470578e-03
9.234440976684412175e-03
9.212454212454200195e-03
9.190571898410389295e-03
9.168793292016051699e-03
9.147117657755938006e-03
9.125544267053697922e-03
9.104072398190056828e-03
9.082701336222454708e-03
9.061430372905788372e-03
9.040258806613930831e-03
9.019185942262877842e-03
8.998211091234359360e-03
8.977333571301083365e-03
8.956552706552708271e-03
8.935867827322802395e-03
8.915278270116977835e-03
8.894783377541997521e-03
8.892025405786874170e-03
8.871677521563115301e-03
8.851422550052692045e-03
8.831259856316820561e-03
8.811188811188808145e-03
8.791208791208792936e-03
8.771319178558984950e-03
8.751519361000163061e-03
8.731808731808732293e-03
8.712186689714785520e-03
8.692652638840971807e-03
8.673205988642240793e-03
8.653846153846156061e-03
8.651704642795948058e-03
8.632478632478624014e-03
8.613337881630555443e-03
8.594281824370315556e-03
8.575309899813223641e-03
8.556421552016260645e-03
8.537616229923912850e-03
8.518893387314433602e-03
8.500252482747005373e-03
8.481692979509561012e-03
8.463214345567276337e-03
8.461538461538463049e-03
8.443183714333380580e-03
8.424908424908427937e-03
8.423326133909288249e-03
8.405172413793113306e-03
8.387096774193553150e-03
8.385605810498514626e-03
8.367649481139854961e-03
8.349769888231417178e-03
8.331966540921774064e-03
8.314238952536818356e-03
8.296586640535685148e-03
8.279009126466759308e-03
8.261505935924551985e-03
8.244076598506976106e-03
8.226720647773282796e-03
8.209437621202318736e-03
8.192227060151588414e-03
8.175088509816533233e-03
8.158021519190612053e-03
8.141025641025645410e-03
8.124100431792733931e-03
8.107245451643783907e-03
8.090460264373320817e-03
8.073744437380805938e-03
8.057097541633615606e-03
8.040519151630265079e-03
8.024008845364069553e-03
8.007566204287502529e-03
7.991190813276694699e-03
7.974882260596559067e-03
7.958640137866205763e-03
7.942464040025021266e-03
7.926353565298792717e-03
7.910308315166612869e-03
7.894327894327909934e-03
7.878411910669989165e-03
7.862559975236042831e-03
7.846771702193399561e-03
7.831046708802221271e-03
7.815384615384619871e-03
7.799785045294042006e-03
7.784247624885070119e-03
7.768771983483721381e-03
7.753357753357746629e-03
7.738004569687742876e-03
7.722712070538148739e-03
7.707479896829019621e-03
7.692307692307687531e-03
7.677195103521223217e-03
7.662141779788830646e-03
7.647147373174764499e-03
7.632211538461538235e-03
7.617333933123411442e-03
7.602514217300202458e-03
7.587752053771462668e-03
7.573047107930833827e-03
7.558399047760758389e-03
7.543807543807539394e-03
7.529272269156671825e-03
7.514792899408277195e-03
7.500369112653198188e-03
7.486000589448873858e-03
7.471687012795989388e-03
7.457428068115082472e-03
7.443223443223428992e-03
7.429072828312363250e-03
7.414975915924694461e-03
7.400932400932417297e-03
7.386941980514770238e-03
7.373004354136429225e-03
7.359119223526005768e-03
7.345286292654705507e-03
7.331505267715414387e-03
7.317775857101705902e-03
7.304097771387497127e-03
7.290470723306546885e-03
7.276894427732431836e-03
7.263368601658552921e-03
7.249892964178680441e-03
7.236467236467239786e-03
7.223091141760280658e-03
7.209764405336351739e-03
7.196486754497797775e-03
7.183257918552029761e-03
7.170077628793220144e-03
7.156945618484071743e-03
7.143861622837847751e-03
7.130825379000559593e-03
7.117836626033356880e-03
7.104895104895115124e-03
7.092000558425248097e-03
7.079152731326652896e-03
7.066351370148852770e-03
7.053596223271322956e-03
7.040887040887032489e-03
7.028223574986156019e-03
7.029415826543289336e-03
7.016818307140878022e-03
7.004265859364258544e-03
6.991758241758232184e-03
6.979295214589338429e-03
6.966876539830286694e-03
6.954501981144959634e-03
6.942171303873423405e-03
6.929884275017010771e-03
6.917640663223713869e-03
6.905440238773564825e-03
6.893282773564476072e-03
6.881168041097731128e-03
6.869095816464244712e-03
6.857065876330321538e-03
6.858526089295328282e-03
6.846556584776473942e-03
6.834628785848295002e-03
6.822742474916386295e-03
6.810897435897443793e-03
6.799093454206102394e-03
6.787330316742091162e-03
6.775607811877237645e-03
6.763925729442957918e-03
6.752283860717587030e-03
6.740681998413948842e-03
6.729119936667109746e-03
6.717597471022119376e-03
6.706114398422082651e-03
6.694670517196122522e-03
6.683265627047572585e-03
6.671899529042373510e-03
6.660572025597498100e-03
6.649282920469350329e-03
6.638032018742676121e-03
6.626819126819121983e-03
6.615644052406275885e-03
6.604506604506612741e-03
6.593406593406585595e-03
6.582343830665986564e-03
6.571318129107079666e-03
6.560329302804216757e-03
6.549377167073319045e-03
6.538461538461546804e-03
6.527582234736972570e-03
6.516739074878603009e-03
6.505931879066200428e-03
6.507896077432493570e-03
6.497139224411943755e-03
6.486417872556480592e-03
6.475731846407301213e-03
6.477732793522274733e-03
6.467096122268531540e-03
6.456494325346780021e-03
6.445927231524610848e-03
6.435394670688780218e-03
6.424896473836122501e-03
6.414432473064396976e-03
6.404002501563471096e-03
6.393606393606397070e-03
6.383243984540589930e-03
6.372915110779194675e-03
6.362619609792462098e-03
6.352357320099248639e-03
6.342128081258522308e-03
6.331931733860988315e-03
6.321768119520919382e-03
6.311637080867841219e-03
6.301538461538468659e-03
6.291472106168587153e-03
6.281437860385235238e-03
6.271435570798645012e-03
6.261465084994502668e-03
6.251526251526242847e-03
6.241618919907345603e-03
6.231742940603708820e-03
6.221898165026139467e-03
6.212084445522923770e-03
6.202301635372510155e-03
6.192549588776020443e-03
6.182828160850147893e-03
6.173137207619958967e-03
6.163476586011803517e-03
6.153846153846159045e-03
6.144245769830789829e-03
6.134675293553781134e-03
6.125134585476723487e-03
6.115623506927846641e-03
6.106141920095399869e-03
6.096689688020966343e-03
6.087266674592792248e-03
6.077872744539418622e-03
6.068507763423021742e-03
6.059171597633128230e-03
6.049864114380246877e-03
6.040585181689467516e-03
6.031334668394399030e-03
6.022112444130785572e-03
6.012918379330590285e-03
6.003752345215745967e-03
5.994614213792302110e-03
5.985503857844285715e-03
5.976421150927974969e-03
5.967365967365960422e-03
5.958338182241364016e-03
5.949337671392058123e-03
5.940364311405027693e-03
5.931417979610753219e-03
5.922498554077492219e-03
5.913605913605917211e-03
5.904739937723439691e-03
5.895900506678944386e-03
5.887087501437274564e-03
5.878300803673927252e-03
5.869540295769804829e-03
5.860805860805853862e-03
5.852097382557999716e-03
5.843414745491890341e-03
5.834757834757841287e-03
5.826126536185699187e-03
5.817520736279961982e-03
5.808940322214655415e-03
5.800385181828474068e-03
5.791855203619902456e-03
5.783350276742356064e-03
5.774870290999319783e-03
5.766415136839740489e-03
5.757984705353134253e-03
5.749578888265024883e-03
5.741197577932280124e-03
5.732840667338495559e-03
5.724508050089450496e-03
5.716199620408613305e-03
5.707915273132664093e-03
5.699654903707007843e-03
5.691418408181408983e-03
5.683205683205691874e-03
5.675016626025280835e-03
5.666851134477044610e-03
5.658709106984963905e-03
5.650590442556021817e-03
5.642495040775838411e-03
5.634422801804768455e-03
5.626373626373634869e-03
5.618347415779655595e-03
5.610344071882536129e-03
5.602363497100331345e-03
5.594405594405604809e-03
5.586470267321333970e-03
5.578557419917190043e-03
5.570666956805577635e-03
5.562798783137755040e-03
5.554952804600192182e-03
5.547128927410614578e-03
5.539327058314386446e-03
5.531547104580814000e-03
5.523788973999358559e-03
5.516052574876097701e-03
5.508337816030115311e-03
5.500644606789868198e-03
5.492972856989582209e-03
5.485322476965929367e-03
5.488391997432324684e-03
5.480769230769223961e-03
5.473167609089937477e-03
5.465587044534401390e-03
5.458027449728688162e-03
5.450488737781551858e-03
5.442970822281175541e-03
5.435473617291790294e-03
5.427997037350534501e-03
5.420540997464067673e-03
5.413105413105407174e-03
5.405690200210758016e-03
5.398295275176268927e-03
5.390920554854967094e-03
5.383565956553683363e-03
5.376231398029758871e-03
5.368916797488220045e-03
5.361622073578599726e-03
5.354347145391913539e-03
5.347091932457775920e-03
5.339856354741328789e-03
5.332640332640325477e-03
5.325443786982258891e-03
5.318266639021354374e-03
5.311108810435867002e-03
5.303970223325058832e-03
5.296850800206497935e-03
5.289750464013201307e-03
5.282669138090831558e-03
5.275606746194988136e-03
5.268563212488451726e-03
5.261538461538459860e-03
5.254532418314039784e-03
5.247545008183302287e-03
5.240576156910815332e-03
5.233625790654969877e-03
5.226693835965366512e-03
5.219780219780215114e-03
5.212884869423844644e-03
5.206007712604016069e-03
5.199148677409543180e-03
5.192307692307685310e-03
5.185484686141712644e-03
5.178679588128408222e-03
5.171892327855636719e-03
5.165122835279906295e-03
5.158371040723974676e-03
5.151636874874469113e-03
5.144920268779462104e-03
5.138221153846156408e-03
5.131539461838547506e-03
5.124875124875112077e-03
5.118228075426512098e-03
5.111598246313278984e-03
5.104985570703561917e-03
5.098389982110917810e-03
5.091811414392065707e-03
5.085249801744640315e-03
5.078705078705081713e-03
5.072177180146329040e-03
5.065666041275796068e-03
5.059171597633129076e-03
5.052693785088148599e-03
5.046232539838677554e-03
5.049611946163676778e-03
5.043171114599689052e-03
5.036746692797648174e-03
5.030338618124870383e-03
5.023946828267036174e-03
5.017571261226081748e-03
5.011211855318325505e-03
5.004868549172354283e-03
4.998541281727128180e-03
4.992229992229992551e-03
4.985934620234747268e-03
4.979655105599695153e-03
4.973391388485727711e-03
4.967143409354459437e-03
4.960911108966311808e-03
4.954694428378631985e-03
4.948493308943878281e-03
4.942307692307681619e-03
4.936137520407187992e-03
4.929982735469014971e-03
4.923843280007670492e-03
4.917719096823578752e-03
4.911610129001440887e-03
4.905516319908377089e-03
4.899437613192267338e-03
4.893373952779896119e-03
4.887325282875353005e-03
4.881291547958205995e-03
4.875272692781935924e-03
4.869268662372119340e-03
4.863279402024781387e-03
4.857304857304860571e-03
4.851344974044356946e-03
4.845399698340868873e-03
4.839468976555873908e-03
4.833552755313146737e-03
4.827650981497129401e-03
4.821763602251409944e-03
4.815890564977044937e-03
4.810031817331097970e-03
4.804187307224964780e-03
4.798356982823014094e-03
4.792540792540796526e-03
4.786738685043779966e-03
4.780950609245645209e-03
4.775176514306955430e-03
4.769416349633468291e-03
4.763670064874886943e-03
4.757937609923165202e-03
4.752218934911249873e-03
4.746513990211481335e-03
4.740822726434233518e-03
4.735145094426531330e-03
4.729481045270520628e-03
4.723830530282151566e-03
4.718193501009729229e-03
4.712569909232600454e-03
4.706959706959700125e-03
4.701362846428251870e-03
4.695779280102326501e-03
4.690208960671588684e-03
4.684651841049951651e-03
4.679107874374141725e-03
4.673577014002535182e-03
4.668059213513755731e-03
4.662554426705369133e-03
4.657062607592648076e-03
4.651583710407246851e-03
4.646117689595944539e-03
4.640664499819424638e-03
4.635224095950951466e-03
4.629796433075123764e-03
4.624381466486727175e-03
4.618979151689422795e-03
4.613589444394588374e-03
4.608212300519998195e-03
4.602847676188776167e-03
4.597495527728092182e-03
4.592155811668002449e-03
4.586828484740314120e-03
4.581513503877351901e-03
4.576210826210828746e-03
4.570920409070708748e-03
4.565642209984017118e-03
4.560376186673774195e-03
4.555122297057778540e-03
4.549880499247578244e-03
4.544650751547301727e-03
4.539433012452526693e-03
4.534227240649257515e-03
4.529033395012770774e-03
4.523851434606590040e-03
4.518681318681317532e-03
4.513523006673695638e-03
4.508376458205416888e-03
4.503241633082188944e-03
4.498118491292561923e-03
4.493006993006989913e-03
4.487907098576798814e-03
4.482818768533053562e-03
4.477741963585682959e-03
4.472676644622339964e-03
4.467622772707509175e-03
4.462580309081432169e-03
4.457549215159129115e-03
4.452529452529454222e-03
4.447520982954052300e-03
4.442523768366470581e-03
4.437537770871098804e-03
4.432562952742319200e-03
4.427599276423471730e-03
4.422646704525905192e-03
4.417705199828113327e-03
4.412774725274724343e-03
4.407855243975643093e-03
4.402946719205066625e-03
4.398049114400617680e-03
4.393162393162387130e-03
4.388286519252121258e-03
4.383421456592182658e-03
4.378567169264844204e-03
4.373723621511230002e-03
4.368890777730560782e-03
4.364068602479204140e-03
4.359257060469848809e-03
4.354456116570652041e-03
4.349665735804343625e-03
4.344885883347416634e-03
4.340116524529258335e-03
4.335357624831307106e-03
4.330609149886258807e-03
4.325871065477188138e-03
4.321143337536784493e-03
4.316425932146449908e-03
4.311718815535609504e-03
4.307021954080771271e-03
4.302335314304839980e-03
4.297658862876255030e-03
4.292992566608202880e-03
4.288336392457863314e-03
4.283690307525630549e-03
4.279054279054280568e-03
4.274428274428269427e-03
4.269812261172951755e-03
4.265206206953786258e-03
4.260610079575601929e-03
4.256023846981872930e-03
4.251447477253931899e-03
4.246880938610257845e-03
4.242324199405744095e-03
4.237777228130922870e-03
4.233239993411304358e-03
4.228712464006590017e-03
4.224194608809989093e-03
4.219686396847544679e-03
4.215187797277351357e-03
4.210698779388876919e-03
4.206219312602289297e-03
4.201749366467747056e-03
4.197288910664706378e-03
4.192837915001221098e-03
4.188396349413300856e-03
4.183964183964184250e-03
4.179541388843720402e-03
4.175127934367643852e-03
4.170723790976955253e-03
4.166328929237246570e-03
4.161943319838058361e-03
4.157566933592163338e-03
4.153199741435031206e-03
4.148841714424088799e-03
4.144492823738105992e-03
4.140153040676600692e-03
4.135822336659151013e-03
4.131500683224822827e-03
4.127188052031470662e-03
4.122884414855215555e-03
4.118589743589745091e-03
4.114304010245740072e-03
4.110027186950259565e-03
4.105759245946162365e-03
4.101500159591441735e-03
4.097249900358711922e-03
4.093008440834534217e-03
4.088775753718880066e-03
4.084551811824541252e-03
4.080336588076524489e-03
4.076130055511494564e-03
4.071932187277198419e-03
4.067742956631844979e-03
4.063562336943628978e-03
4.059390301690089103e-03
4.055226824457597995e-03
4.051071878940724728e-03
4.046925438941819352e-03
4.042787478370298178e-03
4.038657971242240463e-03
4.034536891679754364e-03
4.030424213910451317e-03
4.034153219489265696e-03
4.030049299632207892e-03
4.025953721075673647e-03
4.021866458414677555e-03
4.017787486347321885e-03
4.013716779674225861e-03
4.009654313298037336e-03
4.005600062222915841e-03
4.001554001554008706e-03
3.997516106496933237e-03
3.993486352357326560e-03
3.989464714540236732e-03
3.985451168549765388e-03
3.981445689988412015e-03
3.977448254556694915e-03
3.973458838052617778e-03
3.969477416371203909e-03
3.965503965503962801e-03
3.961538461538464256e-03
3.957580880657805833e-03
3.953631199140189567e-03
3.949689393358383344e-03
3.945755439779341858e-03
3.941829314963635027e-03
3.937910995565075886e-03
3.934000458330155943e-03
3.930097680097676544e-03
3.926202637798281367e-03
3.922315308453924732e-03
3.918435669177505569e-03
3.914563697172386905e-03
3.910699369731944833e-03
3.906842664239119217e-03
3.902993558165973077e-03
3.899152029073286226e-03
3.895318054610086463e-03
3.891491612513217624e-03
3.887672680606926723e-03
3.883861236802409883e-03
3.880057259097418557e-03
3.876260725575789851e-03
3.872471614407095673e-03
3.868689903846153980e-03
3.864915572232648002e-03
3.861148597990707310e-03
3.857388959628487140e-03
3.853636635737799770e-03
3.849891604993642674e-03
3.846153846153841597e-03
3.842423338058642036e-03
3.838700059630294637e-03
3.834983989872660110e-03
3.831275107870856216e-03
3.827573392790780283e-03
3.823878823878821241e-03
3.820191380461388647e-03
3.816511041944571810e-03
3.812837787813722588e-03
3.809171597633132303e-03
3.805512451045589377e-03
3.801860327772043236e-03
3.798215207611181036e-03
3.794577070439142732e-03
3.790945896209051407e-03
3.787321664950724434e-03
3.783704356770252811e-03
3.780093951849672427e-03
3.776490430446581559e-03
3.772893772893766602e-03
3.769303959598914542e-03
3.765720971044159322e-03
3.762144787785816433e-03
3.758575390453953568e-03
3.755012759752097886e-03
3.751456876456883867e-03
3.747907721417647817e-03
3.744365275556206258e-03
3.740829519866340717e-03
3.737300435413642465e-03
3.733778003335023760e-03
3.730262204838477591e-03
3.726753021202696466e-03
3.723250433776744556e-03
3.719754423979770158e-03
3.716264973300627533e-03
3.712782063297520412e-03
3.709305675597813351e-03
3.705835791897532129e-03
3.702372393961182902e-03
3.698915463621342374e-03
3.695464982778417541e-03
3.692020933400245834e-03
3.688583297521852260e-03
3.685152057245074698e-03
3.681727194738341428e-03
3.678308692236273002e-03
3.674896532039390387e-03
3.671490696513863856e-03
3.668091168091169949e-03
3.664697929267779226e-03
3.661310962604867429e-03
3.657930250728030994e-03
3.654555776326989542e-03
3.651187522155267991e-03
3.647825471029887776e-03
3.644469605831148276e-03
3.641119909502258615e-03
3.637776365049090899e-03
3.634438955539869270e-03
3.631107664104908390e-03
3.627782473936315942e-03
3.624463368287700760e-03
3.621150330473909586e-03
3.617843343870737801e-03
3.614542391914653610e-03
3.611247458102521783e-03
3.607958525991317861e-03
3.604675579197874451e-03
3.601398601398606708e-03
3.598127576329217866e-03
3.594862487784451603e-03
3.591603319617821428e-03
3.588350055741364349e-03
3.585102680125300430e-03
3.581861176797892718e-03
3.578625529845035243e-03
3.575395723410169316e-03
3.572171741693832073e-03
3.568953568953565827e-03
3.565741189503561157e-03
3.562534587714439194e-03
3.559333748012994889e-03
3.556138654881920314e-03
3.552949292859601711e-03
3.549765646539834989e-03
3.546587700571587638e-03
3.543415439658735913e-03
3.540248848559837160e-03
3.537087912087907328e-03
3.533932615110132579e-03
3.530782942547651144e-03
3.527638879375301351e-03
3.524500410621412595e-03
3.521367521367516941e-03
3.518240196748186489e-03
3.515118421950714188e-03
3.512002182214943400e-03
3.508891462832999450e-03
3.505786249149076255e-03
3.502686526559207342e-03
3.499592280511014310e-03
3.496503496503495199e-03
3.493420160086822390e-03
3.490342256862078926e-03
3.487269772481046883e-03
3.484202692645968838e-03
3.481141003109362256e-03
3.478084689673800918e-03
3.475033738191636492e-03
3.471988134564815958e-03
3.468947864744710303e-03
3.465912914731816147e-03
3.462883270575582272e-03
3.459858918374207528e-03
3.456839844274396233e-03
3.453826034471195981e-03
3.450817475207717481e-03
3.447814152774991443e-03
3.444816053511704466e-03
3.441823163804053759e-03
3.438835470085474348e-03
3.435852958836478621e-03
3.432875616584453796e-03
3.429903429903426865e-03
3.426936385413899798e-03
3.423974469782595838e-03
3.421017669722330699e-03
3.418065971991777509e-03
3.415119363395219178e-03
3.412177830782483785e-03
3.409241361048584613e-03
3.406309941133668553e-03
3.403383558022728995e-03
3.400462198745466194e-03
3.397545850376040063e-03
3.394634500032955252e-03
3.391728134878815252e-03
3.388826742120150653e-03
3.385930309007227895e-03
3.383038822833868420e-03
3.380152270937258289e-03
3.377270640697746951e-03
3.374393919538725382e-03
3.371522094926348526e-03
3.368655154369433382e-03
3.365793085419249101e-03
3.362935875669324868e-03
3.360083512755269921e-03
3.357235984354622633e-03
3.354393278186678772e-03
3.351555382012233030e-03
3.348722283633522208e-03
3.345893970893968478e-03
3.343070431678030197e-03
3.340251653911012388e-03
3.337437625558940541e-03
3.334628334628338565e-03
3.331823769166073097e-03
3.329023917259207356e-03
3.326228767034814654e-03
3.323438306659787581e-03
3.320652524340703127e-03
3.317871408323672198e-03
3.315094946894115401e-03
3.312323128376638143e-03
3.309555941134888386e-03
3.306793373571332434e-03
3.304035414127152147e-03
3.301282051282055860e-03
3.298533273554092333e-03
3.295789069499550136e-03
3.293049427712772467e-03
3.290314336825961132e-03
3.287583785509092405e-03
3.284857762469698891e-03
3.282136256452742023e-03
3.279419256240444659e-03
3.276706750652162280e-03
3.273998728544178730e-03
3.271295178809632918e-03
3.268596090378265550e-03
3.265901452216373162e-03
3.263211253326575231e-03
3.260525482747707055e-03
3.257844129554659292e-03
3.255167182858230510e-03
3.252494631804974962e-03
3.249826465577074219e-03
3.247162673392179309e-03
3.244503244503251123e-03
3.241848168198412095e-03
3.239197433800863803e-03
3.236551030668673602e-03
3.233908948194664026e-03
3.231271175806252772e-03
3.228637702965335161e-03
3.226008519168129321e-03
3.223383613945043479e-03
3.220762976860535014e-03
3.218146597512962573e-03
3.215534465534467239e-03
3.212926570590799065e-03
3.210322902381253750e-03
3.207723450638429782e-03
3.205128205128208053e-03
3.202537155649527213e-03
3.199950292034294767e-03
3.197367604147268675e-03
3.194789081885852228e-03
3.192214715180069756e-03
3.189644493992323335e-03
3.187078408317348555e-03
3.184516448182040608e-03
3.181958603645347172e-03
3.179404864798118357e-03
3.176855221762996985e-03
3.174309664694275907e-03
3.171768183777789150e-03
3.169230769230772706e-03
3.166697411301733558e-03
3.164168100270333892e-03
3.161642826447296981e-03
3.159121580174214638e-03
3.156604351823478257e-03
3.154091131798146541e-03
3.151581910531793280e-03
3.149076678488446201e-03
3.146575426162404390e-03
3.144078144078140281e-03
3.141584822790211614e-03
3.139095452883088402e-03
3.136610024971068795e-03
3.134128529698154177e-03
3.131650957737910825e-03
3.129177299793420037e-03
3.126707546597043506e-03
3.124241688910454548e-03
3.121779717524400879e-03
3.119321623258635660e-03
3.116867396961816011e-03
3.114417029511377250e-03
3.111970511813407555e-03
3.109527834802564700e-03
3.107088989441933805e-03
3.104653966722928458e-03
3.102222757665199209e-03
3.099795353316483083e-03
3.097371744752510335e-03
3.094951923076925959e-03
3.092535879421127488e-03
3.090123604944195607e-03
3.087715090832787029e-03
3.085310328300974042e-03
3.082909308590238862e-03
3.080512022969250727e-03
3.078118462733845078e-03
3.075728619206875240e-03
3.073342483738135660e-03
3.070960047704229638e-03
3.068581302508485622e-03
3.066206239580856596e-03
3.063834850377776964e-03
3.061467126382117019e-03
3.059103059103055432e-03
3.056742640075977343e-03
3.054385860862341220e-03
3.052032713049664982e-03
3.049683188251319562e-03
3.047337278106505062e-03
3.044994974280135387e-03
3.042656268462722025e-03
3.040321152370275594e-03
3.037989617744215210e-03
3.035661656351308201e-03
3.033337259983511381e-03
3.031016420457884313e-03
3.028699129616557219e-03
3.026385379326550999e-03
3.024075161479740804e-03
3.021768467992720728e-03
3.019465290806747429e-03
3.017165621887634742e-03
3.014869453225621412e-03
3.012576776835328585e-03
3.010287584755671347e-03
3.008001869049700856e-03
3.005719621804596974e-03
3.003440835131517342e-03
3.001165501165497639e-03
2.998893612065453747e-03
2.996625160013966210e-03
2.994360137217276334e-03
2.992098535905185139e-03
2.989840348330911109e-03
2.987585566771083258e-03
2.985334183525596707e-03
2.983086190917517717e-03
2.980841581293045949e-03
2.978600347021395645e-03
2.976362480494710618e-03
2.974127974127976221e-03
2.971896820358931740e-03
2.969669011648019222e-03
2.967444540478253370e-03
2.965223399355133502e-03
2.963005580806624042e-03
2.960791077383004028e-03
2.958579881656806399e-03
2.956371986222726487e-03
2.959903631044565834e-03
2.957698039665253211e-03
2.955495732859845549e-03
2.953296703296699743e-03
2.951100943666003316e-03
2.948908446679616990e-03
2.946719205071102014e-03
2.944533211595522833e-03
2.942350459029482220e-03
2.940170940170943898e-03
2.937994647839213026e-03
2.935821574874824744e-03
2.933651714139514245e-03
2.931485058516074532e-03
2.929321600908314782e-03
2.927161334240977950e-03
2.925004251459669205e-03
2.922850345530754457e-03
2.920699609441330426e-03
2.918552036199091506e-03
2.916407618832302442e-03
2.914266350389702488e-03
2.912128223940402619e-03
2.909993232573875998e-03
2.907861369399827433e-03
2.905732627548149143e-03
2.903607000168814071e-03
2.901484480431852902e-03
2.899365061527219185e-03
2.897248736664797143e-03
2.895135499074232097e-03
2.893025342004937848e-03
2.890918258725976540e-03
2.888814242526038713e-03
2.886713286713288047e-03
2.884615384615387378e-03
2.882520529579355589e-03
2.880428714971527710e-03
2.878339934177500271e-03
2.876254180602006404e-03
2.874171447668911073e-03
2.872091728821109160e-03
2.870015017520445664e-03
2.867941307247663663e-03
2.865870591502363111e-03
2.863802863802868571e-03
2.861738117686207089e-03
2.859676346708051389e-03
2.857617544442602343e-03
2.855561704482573789e-03
2.853508820439089756e-03
2.851458885941641520e-03
2.849411894638019093e-03
2.847367840194245728e-03
2.845326716294454758e-03
2.843288516640950312e-03
2.841253234954016927e-03
2.839220864971934728e-03
2.837191400450867537e-03
2.835164835164838588e-03
2.833141162905612135e-03
2.831120377482716863e-03
2.829102472723287603e-03
2.827087442472059689e-03
2.825075280591289595e-03
2.823065980960713303e-03
2.821059537477444389e-03
2.819055944055949298e-03
2.817055194627935896e-03
2.815057283142391627e-03
2.813062203565387057e-03
2.811069949880147002e-03
2.809080516086888326e-03
2.807093896202810402e-03
2.805110084262029194e-03
2.803129074315509166e-03
2.801150860431029892e-03
2.799175436693065490e-03
2.797202797202803272e-03
2.795232936078004965e-03
2.793265847453036202e-03
2.791301525478733815e-03
2.789339964322393259e-03
2.787381158167676672e-03
2.785425101214579913e-03
2.783471787679364477e-03
2.781521211794513691e-03
2.779573367808658556e-03
2.777628249986540884e-03
2.775685852608925260e-03
2.773746169972579525e-03
2.771809196390207126e-03
2.769874926190351704e-03
2.767943353717407066e-03
2.766014473331548668e-03
2.764088279408612615e-03
2.762164766340136426e-03
2.760243928533215926e-03
2.758325760410537762e-03
2.756410256410253209e-03
2.754497410985962992e-03
2.752587218606635314e-03
2.750679673756600222e-03
2.748774770935429913e-03
2.746872504657973425e-03
2.744972869454194008e-03
2.743075859869230273e-03
2.741181470463236597e-03
2.739289695811431696e-03
2.737400530503983267e-03
2.735513969145949003e-03
2.733630006357275297e-03
2.731748636772726984e-03
2.729869855041789327e-03
2.727993655828704015e-03
2.726120033812338191e-03
2.724248983686186620e-03
2.722380500158274978e-03
2.720514577951175898e-03
2.718651211801901418e-03
2.716790396461850939e-03
2.714932126696836812e-03
2.713076397286918236e-03
2.711223203026475424e-03
2.714623260698348101e-03
2.712771539510969426e-03
2.710922342824189767e-03
2.709075665478932835e-03
2.707231502330205691e-03
2.705389848246988593e-03
2.703550698112218084e-03
2.701714046822745359e-03
2.699879889289255597e-03
2.698048220436276203e-03
2.696219035202084870e-03
2.694392328538664904e-03
2.692568095411700894e-03
2.690746330800455107e-03
2.688927029697817366e-03
2.687110187110183183e-03
2.685295798057441181e-03
2.683483857572931466e-03
2.681674360703352814e-03
2.679867302508810376e-03
2.678062678062679072e-03
2.676260482451601856e-03
2.674460710775441140e-03
2.672663358147227622e-03
2.670868419693137302e-03
2.674238513164684146e-03
2.672444925966054215e-03
2.670653743039803560e-03
2.668864959554843961e-03
2.667078570693031704e-03
2.665294571649088218e-03
2.663512957630607882e-03
2.661733723857971287e-03
2.659956865564345237e-03
2.658182377995584305e-03
2.656410256410255116e-03
2.654640496079535734e-03
2.652873092287205258e-03
2.651108040329597845e-03
2.649345335515546334e-03
2.647584973166367938e-03
2.645826948615791815e-03
2.644071257209938686e-03
2.642317894307284407e-03
2.640566855278587977e-03
2.638818135506880262e-03
2.637071730387412390e-03
2.635327635327633193e-03
2.633585845747117224e-03
2.631846357077534827e-03
2.630109164762631756e-03
2.628374264258168027e-03
2.626641651031892764e-03
2.624911320563493022e-03
2.623183268344555629e-03
2.621457489878539424e-03
2.619733980680726687e-03
2.618012736278175004e-03
2.616293752209713358e-03
2.614577024025843688e-03
2.612862547288779050e-03
2.611150317572339535e-03
2.609440330461938826e-03
2.607732581554571619e-03
2.606027066458723417e-03
2.604323780794365328e-03
2.602622720192936286e-03
2.600923880297246332e-03
2.599227256761503079e-03
2.597532845251229738e-03
2.595840641443245608e-03
2.594150641025642651e-03
2.592462839697712643e-03
2.590777233169948464e-03
2.589093817163992499e-03
2.587412587412581989e-03
2.585733539659564213e-03
2.584056669659778958e-03
2.582381973179119234e-03
2.580709445994423725e-03
2.579039083893450331e-03
2.577370882674896984e-03
2.575704838148273283e-03
2.574040946133971611e-03
2.572379202463123595e-03
2.570719602977670354e-03
2.569062143530225027e-03
2.567406819984136088e-03
2.565753628213386303e-03
2.564102564102565835e-03
2.562453623546873983e-03
2.560806802452045890e-03
2.559162096734352975e-03
2.557519502320528340e-03
2.560813144520648812e-03
2.559171597633132494e-03
2.557532153944708491e-03
2.555894809415934412e-03
2.554259560017717225e-03
2.552626401731260784e-03
2.550995330548042842e-03
2.549366342469793802e-03
2.547739433508421254e-03
2.546114599686029063e-03
2.544491837034854043e-03
2.542871141597255989e-03
2.541252509425652190e-03
2.539635936582497911e-03
2.538021419140295068e-03
2.536408953181509395e-03
2.534798534798537919e-03
2.533190160093712860e-03
2.531583825179253497e-03
2.529979526177247948e-03
2.533248891703605149e-03
2.531645569620257115e-03
2.530044275774822639e-03
2.528445006321114897e-03
2.526847757422612077e-03
2.525252525252525901e-03
2.523659305993691468e-03
2.522068095838588073e-03
2.520478890989289768e-03
2.518891687657433265e-03
2.517306482064195824e-03
2.515723270440251447e-03
2.514142049025773484e-03
2.512562814070348760e-03
2.510985561833025282e-03
2.509410288582181268e-03
2.507836990595608846e-03
2.506265664160396960e-03
2.504696305572950889e-03
2.503128911138926323e-03
2.501563477173231968e-03
2.499999999999994848e-03
2.498438475952532989e-03
2.496878901373286025e-03
2.495321272613847292e-03
2.493765586034910053e-03
2.492211838006228031e-03
2.490660024906603699e-03
2.489110143123833638e-03
2.487562189054728923e-03
2.486016159105030980e-03
2.484472049689444989e-03
2.482929857231531891e-03
2.481389578163770843e-03
2.479851208927464235e-03
2.478314745972742469e-03
2.476780185758514947e-03
2.475247524752476579e-03
2.473716759431047064e-03
2.472187886279360487e-03
2.470660901791232791e-03
2.469135802469131849e-03
2.467612584824184409e-03
2.466091245376076779e-03
2.464571780653109900e-03
2.463054187192123459e-03
2.461538461538467261e-03
2.460024600245999064e-03
2.458512599877070263e-03
2.457002457002458676e-03
2.455494168201348155e-03
2.453987730061348103e-03
2.452483139178415848e-03
2.450980392156859675e-03
2.449479485609314545e-03
2.447980416156667494e-03
2.446483180428133536e-03
2.444987775061125117e-03
2.443494196701285082e-03
2.442002442002438965e-03
2.440512507626599326e-03
2.439024390243903738e-03
2.437538086532602209e-03
2.436053593179049372e-03
2.434570906877662425e-03
2.433090024330905078e-03
2.431610942249240719e-03
2.430133657351150195e-03
2.428658166363080202e-03
2.427184466019422903e-03
2.425712553062459118e-03
2.424242424242426409e-03
2.422774076317385505e-03
2.421307506053274085e-03
2.419842710223836079e-03
2.418379685610638156e-03
2.416918429003025483e-03
2.415458937198070987e-03
2.414001207000607014e-03
2.412545235223155504e-03
2.411091018685953147e-03
2.409638554216868983e-03
2.408187838651415676e-03
2.406738868832729132e-03
2.405291641611541614e-03
2.403846153846156582e-03
2.402402402402400560e-03
2.400960384153667804e-03
2.399520095980799302e-03
2.398081534772180789e-03
2.396644697423603535e-03
2.395209580838322892e-03
2.393776181926995407e-03
2.392344497607656276e-03
2.390914524805740592e-03
2.389486260454006146e-03
2.388059701492537337e-03
2.386634844868735627e-03
2.385211687537270968e-03
2.383790226460070095e-03
2.382370458606315224e-03
2.380952380952377698e-03
2.379535990481860055e-03
2.378121284185497151e-03
2.376708259061198654e-03
2.375296912114017393e-03
2.373887240356078662e-03
2.372479240806640074e-03
2.371072910491994409e-03
2.369668246445500413e-03
2.368265245707524679e-03
2.366863905325441650e-03
2.365464222353634051e-03
2.364066193853422634e-03
2.362669816893084394e-03
2.361275088547813532e-03
2.359882005899701079e-03
2.358490566037736193e-03
2.357100766057748046e-03
2.355712603062429245e-03
2.354326074161269041e-03
2.352941176470591499e-03
2.351557907113461382e-03
2.350176263219738802e-03
2.348796241926009824e-03
2.347417840375584305e-03
2.346041055718476372e-03
2.344665885111376236e-03
2.343292325717630242e-03
2.341920374707261252e-03
2.340550029256876271e-03
2.339181286549707212e-03
2.337814143775567965e-03
2.336448598130836610e-03
2.335084646818443282e-03
2.333722287047846743e-03
2.332361516034983651e-03
2.331002331002333602e-03
2.329644729178799879e-03
2.328288707799770155e-03
2.326934264107034973e-03
2.325581395348840646e-03
2.324230098779783010e-03
2.322880371660856428e-03
2.321532211259433841e-03
2.320185614849185670e-03
2.318840579710143568e-03
2.317497103128621921e-03
2.316155182397216551e-03
2.314814814814815987e-03
2.313475997686524708e-03
2.312138728323704338e-03
2.310803004043910768e-03
2.309468822170903692e-03
2.308136180034622321e-03
2.306805074971169777e-03
2.305475504322768848e-03
2.304147465437787149e-03
2.302820955670701122e-03
2.301495972382043564e-03
2.300172512938472580e-03
2.298850574712643213e-03
2.297530155083287243e-03
2.296211251435129486e-03
2.294893861158918153e-03
2.293577981651375840e-03
2.292263610315183921e-03
2.290950744558989047e-03
2.289639381797363687e-03
2.288329519450803956e-03
2.287021154945685381e-03
2.285714285714285886e-03
2.284408909194745024e-03
2.283105022831051403e-03
2.281802624073018398e-03
2.280501710376280685e-03
2.279202279202275586e-03
2.277904328018227464e-03
2.276607854297094807e-03
2.275312855517637890e-03
2.274019329164300805e-03
2.272727272727271316e-03
2.271436683702443126e-03
2.270147559591376412e-03
2.268859897901302596e-03
2.267573696145124343e-03
2.266288951841359620e-03
2.265005662514159041e-03
2.263723825693269003e-03
2.262443438914024316e-03
2.261164499717351235e-03
2.259887005649712823e-03
2.258610954263125855e-03
2.257336343115121796e-03
2.256063169768756337e-03
2.254791431792556051e-03
2.253521126760560898e-03
2.252252252252253100e-03
2.255313622786887275e-03
2.254045167430993209e-03
2.252778138106972024e-03
2.251512532411411183e-03
2.250248347946267116e-03
2.248985582318912060e-03
2.247724233142070309e-03
2.246464298033802164e-03
2.245205774617536464e-03
2.243948660522012035e-03
2.242692953381256443e-03
2.241438650834626321e-03
2.240185750526720206e-03
2.238934250107438382e-03
2.237684147231885304e-03
2.236435439560438988e-03
2.235188124758673810e-03
2.233942200497383065e-03
2.232697664452545135e-03
2.231454514305291400e-03
2.230212747741963913e-03
2.228972362454010019e-03
2.227733356138022688e-03
2.226495726495723599e-03
2.225259471233928879e-03
2.224024588064547805e-03
2.222791074704551142e-03
2.221558928875999334e-03
2.220328148305983525e-03
2.219098730726638130e-03
2.217870673875102245e-03
2.216643975493531784e-03
2.215418633329077798e-03
2.214194645133874331e-03
2.212972008664995053e-03
2.211750721684499228e-03
2.210530781959351484e-03
2.209312187261470821e-03
2.208094935367662087e-03
2.206879024059638962e-03
2.205664451124003146e-03
2.204451214352201420e-03
2.203239311540573352e-03
2.202028740490276273e-03
2.200819499007310859e-03
2.199611584902474298e-03
2.198404995991396285e-03
2.197199730094466161e-03
2.195995785036883655e-03
2.194793158648580822e-03
2.193591848764261075e-03
2.192391853223361019e-03
2.191193169870043079e-03
2.189995796553175986e-03
2.188799731126328269e-03
2.187604971447762187e-03
2.186411515380420716e-03
2.185219360791879843e-03
2.184028505554393238e-03
2.182838947544826769e-03
2.181650684644693625e-03
2.180463714740098376e-03
2.179278035721755619e-03
2.178093645484950082e-03
2.176910541929550497e-03
2.175728722959993991e-03
2.174548186485250525e-03
2.173368930418819855e-03
2.172190952678758422e-03
2.171014251187600424e-03
2.169838823872395107e-03
2.168664668664669476e-03
2.167491783500437395e-03
2.166320166320163595e-03
2.165149815068778422e-03
2.163980727695630126e-03
2.162812902154506115e-03
2.161646336403621679e-03
2.160481028405555372e-03
2.159316976127323602e-03
2.158154177540284793e-03
2.156992630620190119e-03
2.155832333347125832e-03
2.154673283705543611e-03
2.153515479684209831e-03
2.152358919276210324e-03
2.151203600478965566e-03
2.150049521294156510e-03
2.148896679727778803e-03
2.147745073790089006e-03
2.146594701495615869e-03
2.145445560863122169e-03
2.144297649915626828e-03
2.143150966680382793e-03
2.142005509188836272e-03
2.140861275476657524e-03
2.139718263583723079e-03
2.138576471554057626e-03
2.137435897435893857e-03
2.136296539281615225e-03
2.135158395147737729e-03
2.134021463094945906e-03
2.132885741188033420e-03
2.131751227495907400e-03
2.130617920091603616e-03
2.129485817052233134e-03
2.128354916459002707e-03
2.127225216397190914e-03
2.126096714956133421e-03
2.124969410229218206e-03
2.123843300313889900e-03
2.122718383311605547e-03
2.121594657327848486e-03
2.120472120472120543e-03
2.119350770857912538e-03
2.118230606602702990e-03
2.117111625827952474e-03
2.115993826659087577e-03
2.114877207225493091e-03
2.113761765660499004e-03
2.112647500101375725e-03
2.111534408689304601e-03
2.110422489569407836e-03
2.109311740890689076e-03
2.108202160806051193e-03
2.107093747472293249e-03
2.105986499050082304e-03
2.104880413703940842e-03
2.103775489602264116e-03
2.102671724917266373e-03
2.101569117825019886e-03
2.100467666505402044e-03
2.099367369142118335e-03
2.098268223922674161e-03
2.097170229038360523e-03
2.096073382684258361e-03
2.094977683059230742e-03
2.093883128365887740e-03
2.092789716810604644e-03
2.091697446603498108e-03
2.090606315958426151e-03
2.089516323092964305e-03
2.088427466228403879e-03
2.087339743589744587e-03
2.086253153405681106e-03
2.085167693908589626e-03
2.084083363334530460e-03
2.083000159923233726e-03
2.081918081918084605e-03
2.080837127566099488e-03
2.079757295117959370e-03
2.078678582827958241e-03
2.077600988954025202e-03
2.076524511757673296e-03
2.075449149504045472e-03
2.074374900461859947e-03
2.073301762903417139e-03
2.072229735104607045e-03
2.071158815344864134e-03
2.070089001907184697e-03
2.069020293078111666e-03
2.067952687147732449e-03
2.066886182409647700e-03
2.065820777160981298e-03
2.064756469702371672e-03
2.063693258337957488e-03
2.062631141375350762e-03
2.061570117125672424e-03
2.060510183903501574e-03
2.059451340026878085e-03
2.058393583817312578e-03
2.057336913599743921e-03
2.056281327702570889e-03
2.055226824457596219e-03
2.054173402200053494e-03
2.053121059268596307e-03
2.052069794005276573e-03
2.051019604755532823e-03
2.049970489868189766e-03
2.048922447695453088e-03
2.047875476592902512e-03
2.046829574919462741e-03
2.045784741037419505e-03
2.044740973312405685e-03
2.043698270113361408e-03
2.046577275935073780e-03
2.045534699635568991e-03
2.044493185022714689e-03
2.043452730475634263e-03
2.042413334376711950e-03
2.041374995111653115e-03
2.040337711069418764e-03
2.039301480642265445e-03
2.038266302225690170e-03
2.037232174218475515e-03
2.036199095022624139e-03
2.035167063043394342e-03
2.034136076689267107e-03
2.033106134371963011e-03
2.032077234506384118e-03
2.031049375510679891e-03
2.030022555806176507e-03
2.032883740817039309e-03
2.031857031857035433e-03
2.030831359453265199e-03
2.029806722036791786e-03
2.028783118041818656e-03
2.027760545905709505e-03
2.030614222049991272e-03
2.029591757688432255e-03
2.028570322480737799e-03
2.027549914873859414e-03
2.026530533317861572e-03
2.025512176265949465e-03
2.024494842174399609e-03
2.023478529502628805e-03
2.026322899378595575e-03
2.025306689298664743e-03
2.024291497975708957e-03
2.023277323878524669e-03
