9.235658136812174845e-01
1.000000000000000000e+00
1.000000000000000000e+00
1.000000000000000000e+00
9.839598997493734789e-01
9.989959839357429594e-01
9.969924812030075412e-01
1.000000000000000000e+00
1.000000000000000000e+00
1.000000000000000000e+00
5.007522567703108773e-01
9.938116741930087539e-01
7.684210526315790046e-01
9.806184668989547104e-01
1.000000000000000000e+00
9.384158155107877874e-01
9.946760421898543925e-01
1.000000000000000000e+00
1.000000000000000000e+00
9.820190858864892292e-01
9.945561139028475939e-01
1.000000000000000000e+00
9.778409090909090384e-01
8.768006700167504386e-01
9.994982438534871783e-01
9.997990959316925830e-01
1.000000000000000000e+00
9.852056168505516354e-01
9.584458830104322091e-01
9.989969909729187192e-01
9.643931795386158079e-01
9.993309918046495710e-01
1.000000000000000000e+00
9.979939819458375494e-01
1.000000000000000000e+00
9.948151864860343974e-01
9.979482323232323759e-01
1.000000000000000000e+00
6.957393483709273241e-01
1.000000000000000000e+00
8.671679197994988098e-01
9.994987468671679975e-01
9.964912280701755387e-01
9.955611390284757611e-01
1.000000000000000000e+00
1.000000000000000000e+00
1.000000000000000000e+00
9.831240582621798563e-01
9.636409227683049306e-01
1.000000000000000000e+00
9.747049906369824601e-01
7.845303867403315978e-01
9.982447342026078418e-01
9.844533600802407580e-01
9.992477432296891227e-01
9.029869477911647291e-01
9.563691073219658945e-01
1.000000000000000000e+00
3.904212637913741513e-01
9.919759277833500866e-01
9.954887218045113118e-01
2.190476190476190466e-01
9.968624497991968036e-01
9.974924774322968535e-01
9.528822055137845526e-01
9.849548645937813429e-01
9.978664658634538442e-01
1.000000000000000000e+00
9.976334340382677635e-01
9.758167570825798665e-01
1.000000000000000000e+00
9.869477911646586943e-01
9.994984954864594151e-01
9.952335858585859008e-01
9.972862163217492970e-01
9.994987468671679975e-01
9.949874686716793093e-01
1.000000000000000000e+00
9.994987468671679975e-01
1.000000000000000000e+00
9.012531328320803059e-01
9.954887218045113118e-01
9.964912280701755387e-01
1.000000000000000000e+00
9.957329317269076885e-01
9.926523440619758887e-01
9.377510040160643712e-01
9.961805555555556246e-01
8.456140350877193734e-01
9.997492477432297076e-01
9.912236710130390982e-01
9.966549590232479661e-01
9.277108433734939652e-01
9.829402910185649489e-01
9.964912280701755387e-01
9.973199329983249983e-01
9.996654959023247855e-01
1.000000000000000000e+00
1.000000000000000000e+00
9.997492477432297076e-01
1.000000000000000000e+00
1.000000000000000000e+00
9.839598997493734789e-01
9.533366783743100203e-01
9.979939819458375494e-01
9.784461152882205637e-01
9.094662638469286353e-01
9.944806823883591829e-01
9.989974937343358841e-01
9.836263184329482323e-01
9.918917407593803581e-01
9.112781954887219094e-01
6.401002506265665026e-01
1.000000000000000000e+00
9.962387161484453912e-01
9.919799498746867394e-01
9.669172932330827308e-01
9.954887218045113118e-01
9.994987468671679975e-01
7.014565544952284792e-01
9.513540621865597124e-01
1.000000000000000000e+00
1.000000000000000000e+00
9.754385964912281048e-01
9.263157894736843145e-01
1.000000000000000000e+00
9.974924774322968535e-01
9.123995983935743181e-01
9.629072681704261560e-01
9.939849624060150823e-01
