6.684798396008966304e-01
1.000000000000000000e+00
1.000000000000000000e+00
1.000000000000000000e+00
1.515151515151515194e-02
4.619047619047619291e-01
7.142857142857142461e-02
1.000000000000000000e+00
1.000000000000000000e+00
1.000000000000000000e+00
5.003763800812884854e-01
1.313355227148330362e-01
1.079913606911447150e-03
8.575175017150272749e-01
1.000000000000000000e+00
6.961700599908331455e-01
2.169828722002634935e-01
1.000000000000000000e+00
1.000000000000000000e+00
6.869849315450659022e-01
7.411526645397612523e-01
1.000000000000000000e+00
2.343222714224103276e-01
4.889856936669866316e-01
7.111111111111110272e-01
9.183333333333334458e-01
1.000000000000000000e+00
5.123633879781420708e-01
7.210980914000296726e-01
6.333333333333333037e-01
2.145409399224806196e-02
7.936507936507937178e-01
1.000000000000000000e+00
1.833333333333333481e-01
1.000000000000000000e+00
6.914735591206179199e-01
8.879720875923469148e-01
1.000000000000000000e+00
8.223684210526315333e-04
1.000000000000000000e+00
1.879699248120300648e-03
2.500000000000000000e-01
6.250000000000000000e-02
5.890697945845004835e-01
1.000000000000000000e+00
1.000000000000000000e+00
1.000000000000000000e+00
6.612719989870969872e-01
5.051136893113409299e-01
1.000000000000000000e+00
1.834684295727467551e-01
4.086730405569591884e-01
5.868055555555555802e-01
1.369687660010240615e-01
3.333333333333333148e-01
1.060040470428828471e-02
1.292939244663382503e-01
1.000000000000000000e+00
9.346901063330970150e-04
5.222816399286988043e-01
5.000000000000000278e-02
3.207184092366901639e-04
4.207875457875457914e-01
1.493055555555555525e-01
5.263157894736841987e-03
3.090232958387116591e-02
3.007575757575757236e-01
1.000000000000000000e+00
6.085368235368234791e-01
7.241949258653954669e-01
1.000000000000000000e+00
5.347697155785391399e-01
4.166666666666666297e-01
8.381605924342219183e-01
8.818715234368653677e-01
2.500000000000000000e-01
4.545454545454545581e-02
1.000000000000000000e+00
2.500000000000000000e-01
1.000000000000000000e+00
2.525252525252525467e-03
5.000000000000000278e-02
6.250000000000000000e-02
1.000000000000000000e+00
6.213076139546727106e-01
6.828866128454689211e-01
3.525643287845476453e-02
8.670179286798792573e-01
1.618122977346278394e-03
7.916666666666666297e-01
5.204579579579579063e-01
2.365009746588694062e-01
2.369475350977102157e-01
9.418471767700378749e-02
6.250000000000000000e-02
6.661805555555555536e-01
7.638888888888888395e-01
1.000000000000000000e+00
1.000000000000000000e+00
7.916666666666666297e-01
1.000000000000000000e+00
1.000000000000000000e+00
1.515151515151515194e-02
6.696259559324599930e-01
1.755952380952380820e-01
1.136363636363636395e-02
1.732688522092686312e-01
6.900793650793650702e-01
1.666666666666666574e-01
1.352075573005805664e-01
4.512762100505735008e-01
2.808988764044943742e-03
6.954102920723226377e-04
1.000000000000000000e+00
5.450367647058823595e-01
2.941176470588235253e-02
7.462686567164178962e-03
5.000000000000000278e-02
2.500000000000000000e-01
1.189590767794813653e-01
6.639275690846287159e-02
1.000000000000000000e+00
1.000000000000000000e+00
1.000000000000000021e-02
3.378378378378378566e-03
1.000000000000000000e+00
5.643939393939394478e-01
2.340125659552221016e-02
6.666666666666667095e-03
3.846153846153846367e-02
