2.890984759355204603e-01
4.050596969690802296e-01
4.572457797422074255e-01
4.901049394384117130e-01
5.142461504166672137e-01
5.391138571214184605e-01
5.657989277487969204e-01
5.961794549663687048e-01
6.110696537988752342e-01
6.399544545207205282e-01
6.527933713019449247e-01
6.653823844780027974e-01
6.817184522563781712e-01
6.871753991556326380e-01
6.889749386474798287e-01
6.961004801100657557e-01
7.098764508713307775e-01
7.145057385876629752e-01
7.192597199863811630e-01
7.201900396667008097e-01
7.234512328079250043e-01
7.248551738894679630e-01
7.251400741743682099e-01
7.274341191607209822e-01
7.310029786571822230e-01
7.338563752605788970e-01
7.348885474227819792e-01
7.361851674694019909e-01
7.412604372222736382e-01
7.454558678600118338e-01
7.470871959336476964e-01
7.483053541370999762e-01
7.643411701729159180e-01
7.768055576373035231e-01
7.799358168975936145e-01
7.824999194616960585e-01
7.876949875515010246e-01
7.889449875515009980e-01
7.914488227476437210e-01
7.918983731971942497e-01
7.926676039664249940e-01
7.928424291412501379e-01
7.931171544159754117e-01
8.010943623931833235e-01
8.015468510809662384e-01
8.019131514472664923e-01
8.019131514472664923e-01
8.020879766220917473e-01
8.031421076762228495e-01
8.111302733566961853e-01
8.128171829383425973e-01
8.143914664979203799e-01
8.143914664979203799e-01
8.143914664979203799e-01
8.147963247975156253e-01
8.150812250824158722e-01
8.157368194880101342e-01
8.161893081757929380e-01
8.187635857500704661e-01
8.187635857500704661e-01
8.227845647710495536e-01
8.234357654222500544e-01
8.285639705504553865e-01
8.285639705504553865e-01
8.285639705504553865e-01
8.287387957252805304e-01
8.364311034175881954e-01
8.364311034175881954e-01
8.370584172801961431e-01
8.375109059679789469e-01
8.375109059679789469e-01
8.376857311428042019e-01
8.376857311428042019e-01
8.397836332407062621e-01
8.484199968770698153e-01
8.496409980980709209e-01
8.502965925036654049e-01
8.502965925036654049e-01
8.507773617344346340e-01
8.512298504222175488e-01
8.512298504222175488e-01
8.512298504222175488e-01
8.512298504222175488e-01
8.517106196529867779e-01
8.536336965760638051e-01
8.539295545642293650e-01
8.554680161026909646e-01
8.554680161026909646e-01
8.559487853334601937e-01
8.559487853334601937e-01
8.564295545642294227e-01
8.564295545642294227e-01
8.589936571283319777e-01
8.594461458161146705e-01
8.671384535084223355e-01
8.671384535084223355e-01
8.671384535084223355e-01
8.671384535084223355e-01
8.671384535084223355e-01
8.671384535084223355e-01
8.671384535084223355e-01
8.671384535084223355e-01
8.671384535084223355e-01
8.676192227391915646e-01
8.676192227391915646e-01
8.676192227391915646e-01
8.676192227391915646e-01
8.677940479140168195e-01
8.677940479140168195e-01
8.677940479140168195e-01
8.677940479140168195e-01
8.677940479140168195e-01
8.677940479140168195e-01
8.677940479140168195e-01
8.677940479140168195e-01
8.677940479140168195e-01
8.677940479140168195e-01
8.677940479140168195e-01
8.677940479140168195e-01
8.677940479140168195e-01
8.677940479140168195e-01
8.677940479140168195e-01
8.677940479140168195e-01
8.677940479140168195e-01
8.677940479140168195e-01
8.677940479140168195e-01
8.677940479140168195e-01
8.677940479140168195e-01
8.716402017601706520e-01
8.731786632986322516e-01
8.731786632986322516e-01
8.731786632986322516e-01
8.733534884734575066e-01
8.733534884734575066e-01
8.733534884734575066e-01
8.737583467730526410e-01
8.737583467730526410e-01
8.737583467730526410e-01
8.737583467730526410e-01
8.739331719478776739e-01
8.739331719478776739e-01
8.739331719478776739e-01
8.739331719478776739e-01
8.739331719478776739e-01
8.739331719478776739e-01
8.739331719478776739e-01
8.777793257940315064e-01
8.854716334863391713e-01
8.854716334863391713e-01
8.854716334863391713e-01
8.854716334863391713e-01
8.854716334863391713e-01
8.854716334863391713e-01
8.854716334863391713e-01
8.854716334863391713e-01
8.854716334863391713e-01
8.854716334863391713e-01
8.854716334863391713e-01
8.854716334863391713e-01
8.854716334863391713e-01
8.854716334863391713e-01
8.873947104094160876e-01
8.873947104094160876e-01
8.889331719478777982e-01
8.889331719478777982e-01
8.889331719478777982e-01
8.889331719478777982e-01
8.889331719478777982e-01
8.889331719478777982e-01
8.889331719478777982e-01
8.889331719478777982e-01
8.889331719478777982e-01
8.889331719478777982e-01
8.889331719478777982e-01
8.927793257940316307e-01
8.927793257940316307e-01
8.927793257940316307e-01
9.004716334863392957e-01
9.020100950248007843e-01
9.020100950248007843e-01
9.020100950248007843e-01
9.020100950248007843e-01
9.020100950248007843e-01
9.020100950248007843e-01
9.020100950248007843e-01
9.020100950248007843e-01
9.020100950248007843e-01
9.020100950248007843e-01
9.020100950248007843e-01
9.020100950248007843e-01
9.020100950248007843e-01
9.020100950248007843e-01
9.058562488709546168e-01
9.058562488709546168e-01
9.058562488709546168e-01
9.058562488709546168e-01
9.058562488709546168e-01
9.135485565632622817e-01
9.135485565632622817e-01
9.135485565632622817e-01
9.135485565632622817e-01
9.135485565632622817e-01
9.135485565632622817e-01
9.135485565632622817e-01
9.135485565632622817e-01
9.135485565632622817e-01
9.135485565632622817e-01
9.135485565632622817e-01
9.135485565632622817e-01
9.135485565632622817e-01
9.135485565632622817e-01
9.154716334863391980e-01
9.154716334863391980e-01
9.154716334863391980e-01
9.154716334863391980e-01
9.154716334863391980e-01
9.154716334863391980e-01
9.154716334863391980e-01
9.154716334863391980e-01
9.154716334863391980e-01
9.154716334863391980e-01
9.154716334863391980e-01
9.154716334863391980e-01
9.154716334863391980e-01
9.154716334863391980e-01
9.154716334863391980e-01
9.154716334863391980e-01
9.154716334863391980e-01
9.154716334863391980e-01
9.173947104094161142e-01
9.173947104094161142e-01
9.173947104094161142e-01
9.173947104094161142e-01
9.173947104094161142e-01
9.173947104094161142e-01
9.173947104094161142e-01
9.173947104094161142e-01
9.173947104094161142e-01
9.173947104094161142e-01
9.173947104094161142e-01
9.173947104094161142e-01
9.173947104094161142e-01
9.173947104094161142e-01
9.173947104094161142e-01
9.173947104094161142e-01
9.173947104094161142e-01
9.173947104094161142e-01
9.173947104094161142e-01
9.173947104094161142e-01
9.173947104094161142e-01
9.173947104094161142e-01
9.173947104094161142e-01
9.173947104094161142e-01
9.173947104094161142e-01
9.173947104094161142e-01
9.173947104094161142e-01
9.173947104094161142e-01
9.173947104094161142e-01
9.173947104094161142e-01
9.173947104094161142e-01
9.173947104094161142e-01
9.173947104094161142e-01
9.173947104094161142e-01
9.173947104094161142e-01
9.173947104094161142e-01
9.250870181017238902e-01
9.250870181017238902e-01
9.252618432765490342e-01
9.252618432765490342e-01
9.252618432765490342e-01
9.260310740457798895e-01
9.260310740457798895e-01
9.260310740457798895e-01
9.260310740457798895e-01
9.260310740457798895e-01
9.260310740457798895e-01
9.260310740457798895e-01
9.260310740457798895e-01
9.260310740457798895e-01
9.260310740457798895e-01
9.260310740457798895e-01
9.285951766098824445e-01
9.285951766098824445e-01
9.285951766098824445e-01
9.285951766098824445e-01
9.285951766098824445e-01
9.285951766098824445e-01
9.285951766098824445e-01
9.285951766098824445e-01
9.285951766098824445e-01
9.285951766098824445e-01
9.285951766098824445e-01
9.301336381483440441e-01
9.301336381483440441e-01
9.301336381483440441e-01
9.301336381483440441e-01
9.301336381483440441e-01
9.301336381483440441e-01
9.301336381483440441e-01
9.301336381483440441e-01
9.301336381483440441e-01
9.320567150714209603e-01
9.320567150714209603e-01
9.320567150714209603e-01
9.320567150714209603e-01
9.320567150714209603e-01
9.320567150714209603e-01
9.320567150714209603e-01
9.402297919944978544e-01
9.402297919944978544e-01
9.421528689175747706e-01
9.421528689175747706e-01
9.421528689175747706e-01
9.421528689175747706e-01
9.421528689175747706e-01
9.421528689175747706e-01
9.421528689175747706e-01
9.421528689175747706e-01
9.421528689175747706e-01
9.421528689175747706e-01
9.421528689175747706e-01
9.421528689175747706e-01
9.421528689175747706e-01
9.421528689175747706e-01
9.421528689175747706e-01
9.426053576053575744e-01
9.426053576053575744e-01
9.426053576053575744e-01
9.426053576053575744e-01
9.426053576053575744e-01
9.426053576053575744e-01
9.426053576053575744e-01
9.426053576053575744e-01
9.426053576053575744e-01
9.426053576053575744e-01
9.426053576053575744e-01
9.426053576053575744e-01
9.426053576053575744e-01
9.426053576053575744e-01
9.426053576053575744e-01
9.426053576053575744e-01
9.426053576053575744e-01
9.426053576053575744e-01
9.426053576053575744e-01
9.426053576053575744e-01
9.426053576053575744e-01
9.426053576053575744e-01
9.426053576053575744e-01
9.426053576053575744e-01
9.426053576053575744e-01
9.426053576053575744e-01
9.426053576053575744e-01
9.426053576053575744e-01
9.426053576053575744e-01
9.426053576053575744e-01
9.426053576053575744e-01
9.426053576053575744e-01
9.426053576053575744e-01
9.426053576053575744e-01
9.426053576053575744e-01
9.426053576053575744e-01
9.426053576053575744e-01
9.426053576053575744e-01
9.426053576053575744e-01
9.426053576053575744e-01
9.426053576053575744e-01
9.426053576053575744e-01
9.426053576053575744e-01
9.426053576053575744e-01
9.426053576053575744e-01
9.426053576053575744e-01
9.426053576053575744e-01
9.426053576053575744e-01
9.426053576053575744e-01
9.426053576053575744e-01
9.426053576053575744e-01
9.426053576053575744e-01
9.426053576053575744e-01
9.426053576053575744e-01
9.426053576053575744e-01
9.426053576053575744e-01
9.426053576053575744e-01
9.426053576053575744e-01
9.426053576053575744e-01
9.426053576053575744e-01
9.426053576053575744e-01
9.426053576053575744e-01
9.426053576053575744e-01
9.426053576053575744e-01
9.426053576053575744e-01
9.426053576053575744e-01
9.426053576053575744e-01
9.427801827801827184e-01
9.427801827801827184e-01
9.427801827801827184e-01
9.427801827801827184e-01
9.427801827801827184e-01
9.427801827801827184e-01
9.427801827801827184e-01
9.427801827801827184e-01
9.427801827801827184e-01
9.427801827801827184e-01
9.427801827801827184e-01
9.427801827801827184e-01
9.427801827801827184e-01
9.427801827801827184e-01
9.427801827801827184e-01
9.427801827801827184e-01
9.427801827801827184e-01
9.427801827801827184e-01
9.427801827801827184e-01
9.427801827801827184e-01
9.427801827801827184e-01
9.427801827801827184e-01
9.427801827801827184e-01
9.427801827801827184e-01
9.427801827801827184e-01
9.427801827801827184e-01
9.427801827801827184e-01
9.427801827801827184e-01
9.427801827801827184e-01
9.427801827801827184e-01
9.427801827801827184e-01
9.427801827801827184e-01
9.427801827801827184e-01
9.427801827801827184e-01
9.427801827801827184e-01
9.427801827801827184e-01
9.427801827801827184e-01
9.427801827801827184e-01
9.427801827801827184e-01
9.427801827801827184e-01
9.427801827801827184e-01
9.427801827801827184e-01
9.427801827801827184e-01
9.430549080549078811e-01
9.430549080549078811e-01
9.430549080549078811e-01
9.430549080549078811e-01
9.430549080549078811e-01
9.430549080549078811e-01
9.430549080549078811e-01
9.430549080549078811e-01
9.430549080549078811e-01
9.430549080549078811e-01
9.430549080549078811e-01
9.430549080549078811e-01
9.430549080549078811e-01
9.469010619010618246e-01
9.469010619010618246e-01
9.469010619010618246e-01
9.469010619010618246e-01
9.469010619010618246e-01
9.469010619010618246e-01
9.469010619010618246e-01
9.469010619010618246e-01
9.469010619010618246e-01
9.469010619010618246e-01
9.469010619010618246e-01
9.494651644651643796e-01
9.494651644651643796e-01
9.494651644651643796e-01
9.571574721574721556e-01
9.571574721574721556e-01
9.571574721574721556e-01
9.573322973322971885e-01
9.573322973322971885e-01
9.573322973322971885e-01
9.573322973322971885e-01
9.573322973322971885e-01
9.573322973322971885e-01
9.573322973322971885e-01
9.573322973322971885e-01
9.573322973322971885e-01
9.573322973322971885e-01
9.573322973322971885e-01
9.573322973322971885e-01
9.573322973322971885e-01
9.573322973322971885e-01
9.573322973322971885e-01
9.573322973322971885e-01
9.573322973322971885e-01
9.573322973322971885e-01
9.573322973322971885e-01
9.573322973322971885e-01
9.573322973322971885e-01
9.573322973322971885e-01
9.573322973322971885e-01
9.573322973322971885e-01
9.573322973322971885e-01
9.573322973322971885e-01
9.573322973322971885e-01
9.573322973322971885e-01
9.573322973322971885e-01
9.573322973322971885e-01
9.573322973322971885e-01
9.573322973322971885e-01
9.573322973322971885e-01
9.573322973322971885e-01
9.573322973322971885e-01
9.573322973322971885e-01
9.573322973322971885e-01
9.573322973322971885e-01
9.573322973322971885e-01
9.573322973322971885e-01
9.573322973322971885e-01
9.573322973322971885e-01
9.573322973322971885e-01
9.573322973322971885e-01
9.573322973322971885e-01
9.573322973322971885e-01
9.573322973322971885e-01
9.573322973322971885e-01
9.573322973322971885e-01
9.573322973322971885e-01
9.573322973322971885e-01
9.573322973322971885e-01
9.573322973322971885e-01
9.573322973322971885e-01
9.573322973322971885e-01
9.573322973322971885e-01
9.573322973322971885e-01
9.573322973322971885e-01
9.573322973322971885e-01
9.573322973322971885e-01
9.573322973322971885e-01
9.573322973322971885e-01
9.573322973322971885e-01
9.573322973322971885e-01
9.573322973322971885e-01
9.573322973322971885e-01
9.573322973322971885e-01
9.573322973322971885e-01
9.573322973322971885e-01
9.573322973322971885e-01
9.573322973322971885e-01
9.573322973322971885e-01
9.573322973322971885e-01
9.573322973322971885e-01
9.573322973322971885e-01
9.573322973322971885e-01
9.573322973322971885e-01
9.573322973322971885e-01
9.573322973322971885e-01
9.573322973322971885e-01
9.573322973322971885e-01
9.573322973322971885e-01
9.573322973322971885e-01
9.573322973322971885e-01
9.573322973322971885e-01
9.573322973322971885e-01
9.573322973322971885e-01
9.573322973322971885e-01
9.573322973322971885e-01
9.573322973322971885e-01
9.573322973322971885e-01
9.592553742553741047e-01
9.592553742553741047e-01
9.592553742553741047e-01
9.592553742553741047e-01
9.592553742553741047e-01
9.592553742553741047e-01
9.592553742553741047e-01
9.592553742553741047e-01
9.592553742553741047e-01
9.592553742553741047e-01
9.592553742553741047e-01
9.592553742553741047e-01
9.592553742553741047e-01
9.592553742553741047e-01
9.592553742553741047e-01
9.611784511784511320e-01
9.611784511784511320e-01
9.611784511784511320e-01
9.611784511784511320e-01
9.611784511784511320e-01
9.611784511784511320e-01
9.611784511784511320e-01
9.611784511784511320e-01
9.611784511784511320e-01
9.611784511784511320e-01
9.611784511784511320e-01
9.611784511784511320e-01
9.611784511784511320e-01
9.611784511784511320e-01
9.611784511784511320e-01
9.611784511784511320e-01
9.611784511784511320e-01
9.611784511784511320e-01
9.611784511784511320e-01
9.611784511784511320e-01
9.611784511784511320e-01
9.611784511784511320e-01
9.611784511784511320e-01
9.611784511784511320e-01
9.611784511784511320e-01
9.611784511784511320e-01
9.611784511784511320e-01
9.611784511784511320e-01
9.611784511784511320e-01
9.611784511784511320e-01
9.611784511784511320e-01
9.611784511784511320e-01
9.614531764531764058e-01
9.614531764531764058e-01
9.614531764531764058e-01
9.614531764531764058e-01
9.691454841454840707e-01
9.691454841454840707e-01
9.691454841454840707e-01
9.691454841454840707e-01
9.691454841454840707e-01
9.691454841454840707e-01
9.691454841454840707e-01
9.691454841454840707e-01
9.691454841454840707e-01
9.691454841454840707e-01
9.691454841454840707e-01
9.691454841454840707e-01
9.691454841454840707e-01
9.691454841454840707e-01
9.691454841454840707e-01
9.691454841454840707e-01
9.691454841454840707e-01
9.691454841454840707e-01
9.691454841454840707e-01
9.691454841454840707e-01
9.691454841454840707e-01
9.691454841454840707e-01
9.691454841454840707e-01
9.691454841454840707e-01
9.691454841454840707e-01
9.691454841454840707e-01
9.691454841454840707e-01
9.691454841454840707e-01
9.691454841454840707e-01
9.691454841454840707e-01
9.691454841454840707e-01
9.691454841454840707e-01
9.691454841454840707e-01
9.691454841454840707e-01
9.691454841454840707e-01
9.691454841454840707e-01
9.691454841454840707e-01
9.691454841454840707e-01
9.691454841454840707e-01
9.691454841454840707e-01
9.691454841454840707e-01
9.691454841454840707e-01
9.691454841454840707e-01
9.691454841454840707e-01
9.691454841454840707e-01
9.691454841454840707e-01
9.691454841454840707e-01
9.691454841454840707e-01
9.691454841454840707e-01
9.691454841454840707e-01
9.691454841454840707e-01
9.691454841454840707e-01
9.691454841454840707e-01
9.691454841454840707e-01
9.691454841454840707e-01
9.691454841454840707e-01
9.691454841454840707e-01
9.691454841454840707e-01
9.691454841454840707e-01
9.691454841454840707e-01
9.691454841454840707e-01
9.691454841454840707e-01
9.691454841454840707e-01
9.691454841454840707e-01
9.691454841454840707e-01
9.691454841454840707e-01
9.691454841454840707e-01
9.691454841454840707e-01
9.691454841454840707e-01
9.691454841454840707e-01
9.691454841454840707e-01
9.691454841454840707e-01
9.691454841454840707e-01
9.691454841454840707e-01
9.691454841454840707e-01
9.691454841454840707e-01
9.691454841454840707e-01
9.691454841454840707e-01
9.691454841454840707e-01
9.691454841454840707e-01
9.691454841454840707e-01
9.691454841454840707e-01
9.691454841454840707e-01
9.691454841454840707e-01
9.691454841454840707e-01
9.691454841454840707e-01
9.691454841454840707e-01
9.691454841454840707e-01
9.691454841454840707e-01
9.691454841454840707e-01
9.691454841454840707e-01
9.691454841454840707e-01
9.691454841454840707e-01
9.691454841454840707e-01
9.691454841454840707e-01
9.691454841454840707e-01
9.691454841454840707e-01
9.691454841454840707e-01
9.691454841454840707e-01
9.691454841454840707e-01
9.691454841454840707e-01
9.691454841454840707e-01
9.691454841454840707e-01
9.691454841454840707e-01
9.691454841454840707e-01
9.691454841454840707e-01
9.691454841454840707e-01
9.691454841454840707e-01
9.691454841454840707e-01
9.691454841454840707e-01
9.691454841454840707e-01
9.768377918377917357e-01
9.768377918377917357e-01
9.768377918377917357e-01
9.768377918377917357e-01
9.768377918377917357e-01
9.768377918377917357e-01
9.768377918377917357e-01
9.768377918377917357e-01
9.768377918377917357e-01
9.768377918377917357e-01
9.768377918377917357e-01
9.768377918377917357e-01
9.768377918377917357e-01
9.768377918377917357e-01
9.768377918377917357e-01
9.768377918377917357e-01
9.768377918377917357e-01
9.768377918377917357e-01
9.768377918377917357e-01
9.768377918377917357e-01
9.768377918377917357e-01
9.768377918377917357e-01
9.768377918377917357e-01
9.768377918377917357e-01
9.768377918377917357e-01
9.768377918377917357e-01
9.768377918377917357e-01
9.768377918377917357e-01
9.768377918377917357e-01
9.768377918377917357e-01
9.768377918377917357e-01
9.768377918377917357e-01
9.768377918377917357e-01
9.768377918377917357e-01
9.768377918377917357e-01
9.768377918377917357e-01
9.768377918377917357e-01
9.768377918377917357e-01
9.768377918377917357e-01
9.768377918377917357e-01
9.768377918377917357e-01
9.768377918377917357e-01
9.768377918377917357e-01
9.768377918377917357e-01
9.768377918377917357e-01
9.768377918377917357e-01
9.768377918377917357e-01
9.768377918377917357e-01
9.768377918377917357e-01
9.768377918377917357e-01
9.768377918377917357e-01
9.768377918377917357e-01
9.768377918377917357e-01
9.768377918377917357e-01
9.768377918377917357e-01
9.768377918377917357e-01
9.768377918377917357e-01
9.768377918377917357e-01
9.768377918377917357e-01
9.768377918377917357e-01
9.768377918377917357e-01
9.768377918377917357e-01
9.768377918377917357e-01
9.768377918377917357e-01
9.772040922040922117e-01
9.772040922040922117e-01
9.772040922040922117e-01
9.772040922040922117e-01
9.772040922040922117e-01
9.772040922040922117e-01
9.772040922040922117e-01
9.772040922040922117e-01
9.772040922040922117e-01
9.772040922040922117e-01
9.772040922040922117e-01
9.772040922040922117e-01
9.772040922040922117e-01
9.772040922040922117e-01
9.772040922040922117e-01
9.772040922040922117e-01
9.772040922040922117e-01
9.772040922040922117e-01
9.772040922040922117e-01
9.772040922040922117e-01
9.772040922040922117e-01
9.772040922040922117e-01
9.772040922040922117e-01
9.772040922040922117e-01
9.772040922040922117e-01
9.772040922040922117e-01
9.772040922040922117e-01
9.772040922040922117e-01
9.772040922040922117e-01
9.772040922040922117e-01
9.772040922040922117e-01
9.772040922040922117e-01
9.772040922040922117e-01
9.772040922040922117e-01
9.772040922040922117e-01
9.772040922040922117e-01
9.772040922040922117e-01
9.772040922040922117e-01
9.772040922040922117e-01
9.772040922040922117e-01
9.772040922040922117e-01
9.772040922040922117e-01
9.772040922040922117e-01
9.772040922040922117e-01
9.772040922040922117e-01
9.772040922040922117e-01
9.772040922040922117e-01
9.772040922040922117e-01
9.772040922040922117e-01
9.772040922040922117e-01
9.772040922040922117e-01
9.772040922040922117e-01
9.772040922040922117e-01
9.772040922040922117e-01
9.772040922040922117e-01
9.772040922040922117e-01
9.772040922040922117e-01
9.772040922040922117e-01
9.772040922040922117e-01
9.772040922040922117e-01
9.772040922040922117e-01
9.772040922040922117e-01
9.772040922040922117e-01
9.772040922040922117e-01
9.772040922040922117e-01
9.772040922040922117e-01
9.772040922040922117e-01
9.772040922040922117e-01
9.772040922040922117e-01
9.772040922040922117e-01
9.772040922040922117e-01
9.772040922040922117e-01
9.772040922040922117e-01
9.772040922040922117e-01
9.772040922040922117e-01
9.772040922040922117e-01
9.772040922040922117e-01
9.772040922040922117e-01
9.772040922040922117e-01
9.772040922040922117e-01
9.772040922040922117e-01
9.772040922040922117e-01
9.772040922040922117e-01
9.772040922040922117e-01
9.772040922040922117e-01
9.772040922040922117e-01
9.772040922040922117e-01
9.772040922040922117e-01
9.772040922040922117e-01
9.772040922040922117e-01
9.772040922040922117e-01
9.772040922040922117e-01
9.772040922040922117e-01
9.772040922040922117e-01
9.772040922040922117e-01
9.772040922040922117e-01
9.772040922040922117e-01
9.772040922040922117e-01
9.772040922040922117e-01
9.772040922040922117e-01
9.772040922040922117e-01
9.772040922040922117e-01
9.772040922040922117e-01
9.772040922040922117e-01
9.772040922040922117e-01
9.772040922040922117e-01
9.772040922040922117e-01
9.772040922040922117e-01
9.772040922040922117e-01
9.772040922040922117e-01
9.772040922040922117e-01
9.772040922040922117e-01
9.772040922040922117e-01
9.772040922040922117e-01
9.772040922040922117e-01
9.772040922040922117e-01
9.772040922040922117e-01
9.772040922040922117e-01
9.772040922040922117e-01
9.772040922040922117e-01
9.772040922040922117e-01
9.772040922040922117e-01
9.772040922040922117e-01
9.772040922040922117e-01
9.772040922040922117e-01
9.772040922040922117e-01
9.772040922040922117e-01
9.772040922040922117e-01
9.772040922040922117e-01
9.772040922040922117e-01
9.772040922040922117e-01
9.772040922040922117e-01
9.772040922040922117e-01
9.772040922040922117e-01
9.772040922040922117e-01
9.772040922040922117e-01
9.772040922040922117e-01
9.772040922040922117e-01
9.772040922040922117e-01
9.772040922040922117e-01
9.772040922040922117e-01
9.772040922040922117e-01
9.772040922040922117e-01
9.772040922040922117e-01
9.772040922040922117e-01
9.772040922040922117e-01
9.772040922040922117e-01
9.772040922040922117e-01
9.772040922040922117e-01
9.772040922040922117e-01
9.772040922040922117e-01
9.772040922040922117e-01
9.772040922040922117e-01
9.772040922040922117e-01
9.772040922040922117e-01
9.772040922040922117e-01
9.772040922040922117e-01
9.772040922040922117e-01
9.772040922040922117e-01
9.772040922040922117e-01
9.772040922040922117e-01
9.772040922040922117e-01
9.772040922040922117e-01
9.772040922040922117e-01
9.772040922040922117e-01
9.772040922040922117e-01
9.772040922040922117e-01
9.772040922040922117e-01
9.772040922040922117e-01
9.772040922040922117e-01
9.772040922040922117e-01
9.772040922040922117e-01
9.772040922040922117e-01
9.772040922040922117e-01
9.772040922040922117e-01
9.772040922040922117e-01
9.772040922040922117e-01
9.772040922040922117e-01
9.772040922040922117e-01
9.772040922040922117e-01
9.772040922040922117e-01
9.772040922040922117e-01
9.772040922040922117e-01
9.772040922040922117e-01
9.772040922040922117e-01
9.772040922040922117e-01
9.772040922040922117e-01
9.772040922040922117e-01
9.772040922040922117e-01
9.772040922040922117e-01
9.772040922040922117e-01
9.772040922040922117e-01
9.772040922040922117e-01
9.772040922040922117e-01
9.772040922040922117e-01
9.772040922040922117e-01
9.772040922040922117e-01
9.772040922040922117e-01
9.772040922040922117e-01
9.787425537425537003e-01
9.787425537425537003e-01
9.787425537425537003e-01
9.787425537425537003e-01
9.787425537425537003e-01
9.787425537425537003e-01
9.787425537425537003e-01
9.787425537425537003e-01
9.787425537425537003e-01
9.787425537425537003e-01
9.787425537425537003e-01
9.787425537425537003e-01
9.787425537425537003e-01
9.787425537425537003e-01
9.787425537425537003e-01
9.787425537425537003e-01
9.787425537425537003e-01
9.787425537425537003e-01
9.787425537425537003e-01
9.787425537425537003e-01
9.787425537425537003e-01
9.787425537425537003e-01
9.787425537425537003e-01
9.787425537425537003e-01
9.787425537425537003e-01
9.787425537425537003e-01
9.787425537425537003e-01
9.787425537425537003e-01
9.787425537425537003e-01
9.787425537425537003e-01
9.787425537425537003e-01
9.787425537425537003e-01
9.787425537425537003e-01
9.787425537425537003e-01
9.787425537425537003e-01
9.787425537425537003e-01
9.787425537425537003e-01
9.787425537425537003e-01
9.787425537425537003e-01
9.787425537425537003e-01
9.787425537425537003e-01
9.787425537425537003e-01
9.787425537425537003e-01
9.787425537425537003e-01
9.787425537425537003e-01
9.787425537425537003e-01
9.787425537425537003e-01
9.787425537425537003e-01
9.787425537425537003e-01
9.787425537425537003e-01
9.787425537425537003e-01
9.787425537425537003e-01
9.787425537425537003e-01
9.787425537425537003e-01
9.787425537425537003e-01
9.787425537425537003e-01
9.787425537425537003e-01
9.787425537425537003e-01
9.787425537425537003e-01
9.787425537425537003e-01
9.787425537425537003e-01
9.787425537425537003e-01
9.787425537425537003e-01
9.787425537425537003e-01
9.787425537425537003e-01
9.787425537425537003e-01
9.787425537425537003e-01
9.787425537425537003e-01
9.787425537425537003e-01
9.787425537425537003e-01
9.787425537425537003e-01
9.787425537425537003e-01
9.787425537425537003e-01
9.787425537425537003e-01
9.787425537425537003e-01
9.787425537425537003e-01
9.787425537425537003e-01
9.787425537425537003e-01
9.787425537425537003e-01
9.787425537425537003e-01
9.787425537425537003e-01
9.787425537425537003e-01
9.787425537425537003e-01
9.787425537425537003e-01
9.787425537425537003e-01
9.787425537425537003e-01
9.787425537425537003e-01
9.787425537425537003e-01
9.787425537425537003e-01
9.787425537425537003e-01
9.787425537425537003e-01
9.787425537425537003e-01
9.787425537425537003e-01
9.787425537425537003e-01
9.787425537425537003e-01
9.787425537425537003e-01
9.787425537425537003e-01
9.787425537425537003e-01
9.787425537425537003e-01
9.787425537425537003e-01
9.787425537425537003e-01
9.787425537425537003e-01
9.787425537425537003e-01
9.787425537425537003e-01
9.787425537425537003e-01
9.787425537425537003e-01
9.787425537425537003e-01
9.787425537425537003e-01
9.787425537425537003e-01
9.787425537425537003e-01
9.787425537425537003e-01
9.787425537425537003e-01
9.787425537425537003e-01
9.787425537425537003e-01
9.787425537425537003e-01
9.787425537425537003e-01
9.787425537425537003e-01
9.787425537425537003e-01
9.787425537425537003e-01
9.787425537425537003e-01
9.787425537425537003e-01
9.787425537425537003e-01
9.787425537425537003e-01
9.787425537425537003e-01
9.787425537425537003e-01
9.787425537425537003e-01
9.787425537425537003e-01
9.787425537425537003e-01
9.787425537425537003e-01
9.787425537425537003e-01
9.787425537425537003e-01
9.787425537425537003e-01
9.787425537425537003e-01
9.787425537425537003e-01
9.787425537425537003e-01
9.787425537425537003e-01
9.787425537425537003e-01
9.787425537425537003e-01
9.787425537425537003e-01
9.787425537425537003e-01
9.787425537425537003e-01
9.787425537425537003e-01
9.787425537425537003e-01
9.787425537425537003e-01
9.787425537425537003e-01
9.787425537425537003e-01
9.787425537425537003e-01
9.787425537425537003e-01
9.787425537425537003e-01
9.787425537425537003e-01
9.787425537425537003e-01
9.787425537425537003e-01
9.787425537425537003e-01
9.787425537425537003e-01
9.787425537425537003e-01
9.787425537425537003e-01
9.787425537425537003e-01
9.787425537425537003e-01
9.787425537425537003e-01
9.787425537425537003e-01
9.787425537425537003e-01
9.787425537425537003e-01
9.787425537425537003e-01
9.787425537425537003e-01
9.787425537425537003e-01
9.787425537425537003e-01
9.787425537425537003e-01
9.787425537425537003e-01
9.787425537425537003e-01
9.787425537425537003e-01
9.787425537425537003e-01
9.787425537425537003e-01
9.787425537425537003e-01
9.787425537425537003e-01
9.787425537425537003e-01
9.787425537425537003e-01
9.787425537425537003e-01
9.787425537425537003e-01
9.787425537425537003e-01
9.787425537425537003e-01
9.787425537425537003e-01
9.787425537425537003e-01
9.787425537425537003e-01
9.787425537425537003e-01
9.787425537425537003e-01
9.787425537425537003e-01
9.787425537425537003e-01
9.787425537425537003e-01
9.787425537425537003e-01
9.787425537425537003e-01
9.787425537425537003e-01
9.787425537425537003e-01
9.787425537425537003e-01
9.787425537425537003e-01
9.787425537425537003e-01
9.787425537425537003e-01
9.787425537425537003e-01
9.787425537425537003e-01
9.787425537425537003e-01
9.787425537425537003e-01
9.787425537425537003e-01
9.787425537425537003e-01
9.787425537425537003e-01
9.787425537425537003e-01
9.787425537425537003e-01
9.787425537425537003e-01
9.787425537425537003e-01
9.787425537425537003e-01
9.787425537425537003e-01
9.787425537425537003e-01
9.787425537425537003e-01
9.787425537425537003e-01
9.787425537425537003e-01
9.787425537425537003e-01
9.787425537425537003e-01
9.787425537425537003e-01
9.787425537425537003e-01
9.787425537425537003e-01
9.787425537425537003e-01
9.787425537425537003e-01
9.787425537425537003e-01
9.787425537425537003e-01
9.787425537425537003e-01
9.787425537425537003e-01
9.787425537425537003e-01
9.787425537425537003e-01
9.787425537425537003e-01
9.787425537425537003e-01
9.787425537425537003e-01
9.787425537425537003e-01
9.787425537425537003e-01
9.787425537425537003e-01
9.787425537425537003e-01
9.787425537425537003e-01
9.787425537425537003e-01
9.787425537425537003e-01
9.787425537425537003e-01
9.787425537425537003e-01
9.787425537425537003e-01
9.787425537425537003e-01
9.787425537425537003e-01
9.787425537425537003e-01
9.787425537425537003e-01
9.787425537425537003e-01
9.787425537425537003e-01
9.787425537425537003e-01
9.787425537425537003e-01
9.787425537425537003e-01
9.787425537425537003e-01
9.787425537425537003e-01
9.787425537425537003e-01
9.787425537425537003e-01
9.787425537425537003e-01
9.787425537425537003e-01
9.787425537425537003e-01
9.787425537425537003e-01
9.787425537425537003e-01
9.787425537425537003e-01
9.787425537425537003e-01
9.787425537425537003e-01
9.787425537425537003e-01
9.787425537425537003e-01
9.787425537425537003e-01
9.787425537425537003e-01
9.787425537425537003e-01
9.787425537425537003e-01
9.787425537425537003e-01
9.787425537425537003e-01
9.787425537425537003e-01
9.787425537425537003e-01
9.787425537425537003e-01
9.787425537425537003e-01
9.787425537425537003e-01
9.787425537425537003e-01
9.787425537425537003e-01
9.787425537425537003e-01
9.787425537425537003e-01
9.787425537425537003e-01
9.787425537425537003e-01
9.787425537425537003e-01
9.787425537425537003e-01
9.787425537425537003e-01
9.787425537425537003e-01
9.787425537425537003e-01
9.787425537425537003e-01
9.787425537425537003e-01
9.787425537425537003e-01
9.787425537425537003e-01
9.787425537425537003e-01
9.787425537425537003e-01
9.787425537425537003e-01
9.787425537425537003e-01
9.787425537425537003e-01
9.787425537425537003e-01
9.787425537425537003e-01
9.787425537425537003e-01
9.787425537425537003e-01
9.787425537425537003e-01
9.787425537425537003e-01
9.787425537425537003e-01
9.787425537425537003e-01
9.787425537425537003e-01
9.787425537425537003e-01
9.787425537425537003e-01
9.787425537425537003e-01
9.787425537425537003e-01
9.787425537425537003e-01
9.787425537425537003e-01
9.787425537425537003e-01
9.787425537425537003e-01
9.787425537425537003e-01
9.787425537425537003e-01
9.787425537425537003e-01
9.787425537425537003e-01
9.787425537425537003e-01
9.787425537425537003e-01
9.787425537425537003e-01
9.787425537425537003e-01
9.787425537425537003e-01
9.787425537425537003e-01
9.787425537425537003e-01
9.787425537425537003e-01
9.787425537425537003e-01
9.787425537425537003e-01
9.787425537425537003e-01
9.787425537425537003e-01
9.787425537425537003e-01
9.787425537425537003e-01
9.787425537425537003e-01
9.787425537425537003e-01
9.787425537425537003e-01
9.787425537425537003e-01
9.787425537425537003e-01
9.787425537425537003e-01
9.787425537425537003e-01
9.787425537425537003e-01
9.787425537425537003e-01
9.787425537425537003e-01
9.787425537425537003e-01
9.787425537425537003e-01
9.787425537425537003e-01
9.787425537425537003e-01
9.787425537425537003e-01
9.787425537425537003e-01
9.787425537425537003e-01
9.787425537425537003e-01
9.787425537425537003e-01
9.787425537425537003e-01
9.787425537425537003e-01
9.787425537425537003e-01
9.787425537425537003e-01
9.787425537425537003e-01
9.787425537425537003e-01
9.787425537425537003e-01
9.787425537425537003e-01
9.787425537425537003e-01
9.787425537425537003e-01
9.787425537425537003e-01
9.787425537425537003e-01
9.795117845117844446e-01
9.795117845117844446e-01
9.795117845117844446e-01
9.795117845117844446e-01
9.795117845117844446e-01
9.795117845117844446e-01
9.795117845117844446e-01
9.795117845117844446e-01
9.795117845117844446e-01
9.795117845117844446e-01
9.795117845117844446e-01
9.795117845117844446e-01
9.795117845117844446e-01
9.795117845117844446e-01
9.795117845117844446e-01
9.795117845117844446e-01
9.795117845117844446e-01
9.795117845117844446e-01
9.795117845117844446e-01
9.795117845117844446e-01
9.795117845117844446e-01
9.795117845117844446e-01
9.795117845117844446e-01
9.795117845117844446e-01
9.795117845117844446e-01
9.795117845117844446e-01
9.795117845117844446e-01
9.795117845117844446e-01
9.795117845117844446e-01
9.795117845117844446e-01
9.795117845117844446e-01
9.795117845117844446e-01
9.795117845117844446e-01
9.795117845117844446e-01
9.795117845117844446e-01
9.795117845117844446e-01
9.795117845117844446e-01
9.795117845117844446e-01
9.795117845117844446e-01
9.795117845117844446e-01
9.795117845117844446e-01
9.795117845117844446e-01
9.795117845117844446e-01
9.795117845117844446e-01
9.795117845117844446e-01
9.795117845117844446e-01
9.795117845117844446e-01
9.795117845117844446e-01
9.795117845117844446e-01
9.795117845117844446e-01
9.795117845117844446e-01
9.795117845117844446e-01
9.795117845117844446e-01
9.795117845117844446e-01
9.795117845117844446e-01
9.795117845117844446e-01
9.795117845117844446e-01
9.795117845117844446e-01
9.795117845117844446e-01
9.795117845117844446e-01
9.795117845117844446e-01
9.795117845117844446e-01
9.795117845117844446e-01
9.795117845117844446e-01
9.795117845117844446e-01
9.795117845117844446e-01
9.795117845117844446e-01
9.795117845117844446e-01
9.795117845117844446e-01
9.795117845117844446e-01
9.795117845117844446e-01
9.795117845117844446e-01
9.795117845117844446e-01
9.795117845117844446e-01
9.795117845117844446e-01
9.795117845117844446e-01
9.795117845117844446e-01
9.795117845117844446e-01
9.795117845117844446e-01
9.795117845117844446e-01
9.795117845117844446e-01
9.795117845117844446e-01
9.795117845117844446e-01
9.795117845117844446e-01
9.795117845117844446e-01
9.795117845117844446e-01
9.795117845117844446e-01
9.795117845117844446e-01
9.795117845117844446e-01
9.795117845117844446e-01
9.795117845117844446e-01
9.795117845117844446e-01
9.795117845117844446e-01
9.795117845117844446e-01
9.795117845117844446e-01
9.795117845117844446e-01
9.795117845117844446e-01
9.795117845117844446e-01
9.795117845117844446e-01
9.795117845117844446e-01
9.795117845117844446e-01
9.795117845117844446e-01
9.795117845117844446e-01
9.795117845117844446e-01
9.795117845117844446e-01
9.795117845117844446e-01
9.795117845117844446e-01
9.795117845117844446e-01
9.795117845117844446e-01
9.795117845117844446e-01
9.795117845117844446e-01
9.795117845117844446e-01
9.795117845117844446e-01
9.795117845117844446e-01
9.795117845117844446e-01
9.795117845117844446e-01
9.795117845117844446e-01
9.795117845117844446e-01
9.795117845117844446e-01
9.795117845117844446e-01
9.795117845117844446e-01
9.795117845117844446e-01
9.795117845117844446e-01
9.795117845117844446e-01
9.807938357938358331e-01
9.807938357938358331e-01
9.807938357938358331e-01
9.807938357938358331e-01
9.807938357938358331e-01
9.807938357938358331e-01
9.807938357938358331e-01
9.807938357938358331e-01
9.807938357938358331e-01
9.807938357938358331e-01
9.807938357938358331e-01
9.807938357938358331e-01
9.807938357938358331e-01
9.807938357938358331e-01
9.807938357938358331e-01
9.807938357938358331e-01
9.807938357938358331e-01
9.807938357938358331e-01
9.807938357938358331e-01
9.807938357938358331e-01
9.807938357938358331e-01
9.807938357938358331e-01
9.807938357938358331e-01
9.807938357938358331e-01
9.807938357938358331e-01
9.810787360787360800e-01
9.810787360787360800e-01
9.810787360787360800e-01
9.810787360787360800e-01
9.810787360787360800e-01
9.810787360787360800e-01
9.810787360787360800e-01
9.810787360787360800e-01
9.810787360787360800e-01
9.810787360787360800e-01
9.810787360787360800e-01
9.810787360787360800e-01
9.810787360787360800e-01
9.810787360787360800e-01
9.810787360787360800e-01
9.810787360787360800e-01
9.810787360787360800e-01
9.810787360787360800e-01
9.810787360787360800e-01
9.810787360787360800e-01
9.810787360787360800e-01
9.810787360787360800e-01
9.810787360787360800e-01
9.810787360787360800e-01
9.810787360787360800e-01
9.810787360787360800e-01
9.810787360787360800e-01
9.810787360787360800e-01
9.810787360787360800e-01
9.810787360787360800e-01
9.810787360787360800e-01
9.810787360787360800e-01
9.810787360787360800e-01
9.810787360787360800e-01
9.810787360787360800e-01
9.810787360787360800e-01
9.810787360787360800e-01
9.810787360787360800e-01
9.810787360787360800e-01
9.810787360787360800e-01
9.810787360787360800e-01
9.810787360787360800e-01
9.810787360787360800e-01
9.810787360787360800e-01
9.810787360787360800e-01
9.810787360787360800e-01
9.810787360787360800e-01
9.810787360787360800e-01
9.810787360787360800e-01
9.810787360787360800e-01
9.810787360787360800e-01
9.810787360787360800e-01
9.810787360787360800e-01
9.810787360787360800e-01
9.810787360787360800e-01
9.810787360787360800e-01
9.810787360787360800e-01
9.810787360787360800e-01
9.810787360787360800e-01
9.810787360787360800e-01
9.810787360787360800e-01
9.810787360787360800e-01
9.810787360787360800e-01
9.810787360787360800e-01
9.810787360787360800e-01
9.810787360787360800e-01
9.810787360787360800e-01
9.810787360787360800e-01
9.810787360787360800e-01
9.887710437710438560e-01
9.887710437710438560e-01
9.887710437710438560e-01
9.887710437710438560e-01
9.887710437710438560e-01
9.887710437710438560e-01
9.887710437710438560e-01
9.887710437710438560e-01
9.887710437710438560e-01
9.887710437710438560e-01
9.887710437710438560e-01
9.887710437710438560e-01
9.887710437710438560e-01
9.887710437710438560e-01
9.887710437710438560e-01
9.887710437710438560e-01
9.887710437710438560e-01
9.887710437710438560e-01
9.887710437710438560e-01
9.887710437710438560e-01
9.890559440559439919e-01
9.890559440559439919e-01
9.890559440559439919e-01
9.890559440559439919e-01
9.890559440559439919e-01
9.890559440559439919e-01
9.890559440559439919e-01
9.890559440559439919e-01
9.890559440559439919e-01
9.890559440559439919e-01
9.890559440559439919e-01
9.890559440559439919e-01
9.890559440559439919e-01
9.890559440559439919e-01
9.890559440559439919e-01
9.890559440559439919e-01
9.890559440559439919e-01
9.890559440559439919e-01
9.890559440559439919e-01
9.890559440559439919e-01
9.890559440559439919e-01
9.890559440559439919e-01
9.890559440559439919e-01
9.890559440559439919e-01
9.890559440559439919e-01
9.890559440559439919e-01
9.890559440559439919e-01
9.890559440559439919e-01
9.890559440559439919e-01
9.890559440559439919e-01
9.890559440559439919e-01
9.890559440559439919e-01
9.890559440559439919e-01
9.890559440559439919e-01
9.890559440559439919e-01
9.890559440559439919e-01
9.890559440559439919e-01
9.890559440559439919e-01
9.890559440559439919e-01
9.890559440559439919e-01
9.890559440559439919e-01
9.890559440559439919e-01
9.890559440559439919e-01
9.890559440559439919e-01
9.890559440559439919e-01
9.890559440559439919e-01
9.890559440559439919e-01
9.890559440559439919e-01
9.890559440559439919e-01
9.890559440559439919e-01
9.890559440559439919e-01
9.890559440559439919e-01
9.890559440559439919e-01
9.890559440559439919e-01
9.890559440559439919e-01
9.890559440559439919e-01
9.890559440559439919e-01
9.890559440559439919e-01
9.890559440559439919e-01
9.890559440559439919e-01
9.890559440559439919e-01
9.890559440559439919e-01
9.890559440559439919e-01
9.890559440559439919e-01
9.890559440559439919e-01
9.890559440559439919e-01
9.890559440559439919e-01
9.890559440559439919e-01
9.890559440559439919e-01
9.890559440559439919e-01
9.890559440559439919e-01
9.890559440559439919e-01
9.890559440559439919e-01
9.890559440559439919e-01
9.890559440559439919e-01
9.890559440559439919e-01
9.890559440559439919e-01
9.890559440559439919e-01
9.890559440559439919e-01
9.890559440559439919e-01
9.890559440559439919e-01
9.890559440559439919e-01
9.890559440559439919e-01
9.890559440559439919e-01
9.890559440559439919e-01
9.890559440559439919e-01
9.890559440559439919e-01
9.890559440559439919e-01
9.890559440559439919e-01
9.890559440559439919e-01
9.890559440559439919e-01
9.890559440559439919e-01
9.890559440559439919e-01
9.890559440559439919e-01
9.890559440559439919e-01
9.890559440559439919e-01
9.890559440559439919e-01
9.890559440559439919e-01
9.890559440559439919e-01
9.890559440559439919e-01
9.890559440559439919e-01
9.890559440559439919e-01
9.890559440559439919e-01
9.890559440559439919e-01
9.890559440559439919e-01
9.890559440559439919e-01
9.890559440559439919e-01
9.890559440559439919e-01
9.890559440559439919e-01
9.890559440559439919e-01
9.890559440559439919e-01
9.890559440559439919e-01
9.890559440559439919e-01
9.890559440559439919e-01
9.890559440559439919e-01
9.890559440559439919e-01
9.890559440559439919e-01
9.890559440559439919e-01
9.890559440559439919e-01
9.890559440559439919e-01
9.890559440559439919e-01
9.890559440559439919e-01
9.890559440559439919e-01
9.890559440559439919e-01
9.890559440559439919e-01
9.890559440559439919e-01
9.890559440559439919e-01
9.890559440559439919e-01
9.890559440559439919e-01
9.890559440559439919e-01
9.890559440559439919e-01
9.890559440559439919e-01
9.890559440559439919e-01
9.890559440559439919e-01
9.890559440559439919e-01
9.890559440559439919e-01
9.890559440559439919e-01
9.890559440559439919e-01
9.890559440559439919e-01
9.890559440559439919e-01
9.890559440559439919e-01
9.890559440559439919e-01
9.890559440559439919e-01
9.890559440559439919e-01
9.890559440559439919e-01
9.890559440559439919e-01
9.890559440559439919e-01
9.890559440559439919e-01
9.890559440559439919e-01
9.890559440559439919e-01
9.890559440559439919e-01
9.890559440559439919e-01
9.890559440559439919e-01
9.890559440559439919e-01
9.890559440559439919e-01
9.890559440559439919e-01
9.890559440559439919e-01
9.890559440559439919e-01
9.890559440559439919e-01
9.890559440559439919e-01
9.890559440559439919e-01
9.890559440559439919e-01
9.890559440559439919e-01
9.890559440559439919e-01
9.890559440559439919e-01
9.890559440559439919e-01
9.890559440559439919e-01
9.890559440559439919e-01
9.890559440559439919e-01
9.890559440559439919e-01
9.890559440559439919e-01
9.890559440559439919e-01
9.890559440559439919e-01
9.890559440559439919e-01
9.890559440559439919e-01
9.890559440559439919e-01
9.890559440559439919e-01
9.890559440559439919e-01
9.890559440559439919e-01
9.890559440559439919e-01
9.890559440559439919e-01
9.890559440559439919e-01
9.890559440559439919e-01
9.890559440559439919e-01
9.890559440559439919e-01
9.890559440559439919e-01
9.890559440559439919e-01
9.890559440559439919e-01
9.890559440559439919e-01
9.890559440559439919e-01
9.890559440559439919e-01
9.890559440559439919e-01
9.890559440559439919e-01
9.890559440559439919e-01
9.890559440559439919e-01
9.890559440559439919e-01
9.890559440559439919e-01
9.890559440559439919e-01
9.905944055944053694e-01
9.905944055944053694e-01
9.905944055944053694e-01
9.905944055944053694e-01
9.905944055944053694e-01
9.905944055944053694e-01
9.905944055944053694e-01
9.905944055944053694e-01
9.905944055944053694e-01
9.905944055944053694e-01
9.905944055944053694e-01
9.905944055944053694e-01
9.905944055944053694e-01
9.905944055944053694e-01
9.905944055944053694e-01
9.905944055944053694e-01
9.905944055944053694e-01
9.905944055944053694e-01
9.905944055944053694e-01
9.905944055944053694e-01
9.905944055944053694e-01
9.905944055944053694e-01
9.905944055944053694e-01
9.905944055944053694e-01
9.905944055944053694e-01
9.905944055944053694e-01
9.905944055944053694e-01
9.905944055944053694e-01
9.905944055944053694e-01
9.905944055944053694e-01
9.905944055944053694e-01
9.905944055944053694e-01
9.905944055944053694e-01
9.905944055944053694e-01
9.905944055944053694e-01
9.905944055944053694e-01
9.905944055944053694e-01
9.905944055944053694e-01
9.905944055944053694e-01
9.905944055944053694e-01
9.905944055944053694e-01
9.905944055944053694e-01
9.905944055944053694e-01
9.905944055944053694e-01
9.905944055944053694e-01
9.905944055944053694e-01
9.905944055944053694e-01
9.905944055944053694e-01
9.905944055944053694e-01
9.905944055944053694e-01
9.905944055944053694e-01
9.905944055944053694e-01
9.905944055944053694e-01
9.905944055944053694e-01
9.905944055944053694e-01
9.905944055944053694e-01
9.905944055944053694e-01
9.905944055944053694e-01
9.905944055944053694e-01
9.905944055944053694e-01
9.905944055944053694e-01
9.905944055944053694e-01
9.905944055944053694e-01
9.905944055944053694e-01
9.905944055944053694e-01
9.905944055944053694e-01
9.905944055944053694e-01
9.905944055944053694e-01
9.905944055944053694e-01
9.905944055944053694e-01
9.905944055944053694e-01
9.905944055944053694e-01
9.905944055944053694e-01
9.905944055944053694e-01
9.905944055944053694e-01
9.905944055944053694e-01
9.905944055944053694e-01
9.905944055944053694e-01
9.905944055944053694e-01
9.905944055944053694e-01
9.905944055944053694e-01
9.905944055944053694e-01
9.905944055944053694e-01
9.905944055944053694e-01
9.905944055944053694e-01
9.905944055944053694e-01
9.905944055944053694e-01
9.905944055944053694e-01
9.905944055944053694e-01
9.905944055944053694e-01
9.905944055944053694e-01
9.905944055944053694e-01
9.905944055944053694e-01
9.905944055944053694e-01
9.905944055944053694e-01
9.905944055944053694e-01
9.905944055944053694e-01
9.905944055944053694e-01
9.905944055944053694e-01
9.905944055944053694e-01
9.905944055944053694e-01
9.905944055944053694e-01
9.905944055944053694e-01
9.905944055944053694e-01
9.905944055944053694e-01
9.905944055944053694e-01
9.905944055944053694e-01
9.905944055944053694e-01
9.905944055944053694e-01
9.905944055944053694e-01
9.905944055944053694e-01
9.905944055944053694e-01
9.905944055944053694e-01
9.905944055944053694e-01
9.905944055944053694e-01
9.905944055944053694e-01
9.905944055944053694e-01
9.905944055944053694e-01
9.905944055944053694e-01
9.905944055944053694e-01
9.905944055944053694e-01
9.905944055944053694e-01
9.905944055944053694e-01
9.905944055944053694e-01
9.905944055944053694e-01
9.905944055944053694e-01
9.905944055944053694e-01
9.905944055944053694e-01
9.905944055944053694e-01
9.905944055944053694e-01
9.905944055944053694e-01
9.905944055944053694e-01
9.905944055944053694e-01
9.905944055944053694e-01
9.905944055944053694e-01
9.905944055944053694e-01
9.905944055944053694e-01
9.905944055944053694e-01
9.905944055944053694e-01
9.905944055944053694e-01
9.905944055944053694e-01
9.905944055944053694e-01
9.905944055944053694e-01
9.905944055944053694e-01
9.905944055944053694e-01
9.905944055944053694e-01
9.905944055944053694e-01
9.905944055944053694e-01
9.905944055944053694e-01
9.905944055944053694e-01
9.905944055944053694e-01
9.905944055944053694e-01
9.905944055944053694e-01
9.905944055944053694e-01
9.905944055944053694e-01
9.905944055944053694e-01
9.905944055944053694e-01
9.905944055944053694e-01
9.905944055944053694e-01
9.905944055944053694e-01
9.905944055944053694e-01
9.905944055944053694e-01
9.905944055944053694e-01
9.905944055944053694e-01
9.905944055944053694e-01
9.905944055944053694e-01
9.905944055944053694e-01
9.905944055944053694e-01
9.905944055944053694e-01
9.905944055944053694e-01
9.905944055944053694e-01
9.905944055944053694e-01
9.905944055944053694e-01
9.905944055944053694e-01
9.905944055944053694e-01
9.905944055944053694e-01
9.905944055944053694e-01
9.905944055944053694e-01
9.905944055944053694e-01
9.905944055944053694e-01
9.905944055944053694e-01
9.905944055944053694e-01
9.905944055944053694e-01
9.905944055944053694e-01
9.905944055944053694e-01
9.921328671328670801e-01
9.921328671328670801e-01
9.921328671328670801e-01
9.921328671328670801e-01
9.921328671328670801e-01
9.921328671328670801e-01
9.921328671328670801e-01
9.921328671328670801e-01
9.921328671328670801e-01
9.921328671328670801e-01
9.921328671328670801e-01
9.921328671328670801e-01
9.921328671328670801e-01
9.921328671328670801e-01
9.921328671328670801e-01
9.921328671328670801e-01
9.921328671328670801e-01
9.923076923076923350e-01
9.923076923076923350e-01
9.923076923076923350e-01
9.923076923076923350e-01
9.923076923076923350e-01
9.923076923076923350e-01
9.961538461538461675e-01
9.961538461538461675e-01
9.961538461538461675e-01
9.961538461538461675e-01
9.961538461538461675e-01
9.961538461538461675e-01
9.961538461538461675e-01
9.961538461538461675e-01
1.000000000000000000e+00
1.000000000000000000e+00
1.000000000000000000e+00
1.000000000000000000e+00
