2.238223036290700060e-04
5.401388149029509025e-04
9.259332190871402343e-04
1.342643867901387612e-03
1.770941276448483081e-03
2.195363486586852930e-03
2.631415322426625559e-03
3.075170755582230797e-03
3.526674851964773511e-03
3.978169021363770277e-03
4.437388532785715295e-03
4.888875112994834835e-03
5.348180718729412912e-03
5.822965978158903093e-03
6.305454673678363361e-03
6.776329393038951418e-03
7.251145979155096920e-03
7.725959606687676784e-03
8.204626118307906460e-03
8.694914509189726609e-03
9.181412857970795011e-03
9.667818250069152783e-03
1.016593436135149707e-02
1.065234147674203567e-02
1.113884358309757093e-02
1.162527037373225353e-02
1.211557459524572125e-02
1.260196814678967922e-02
1.308845654326055118e-02
1.357495865368351685e-02
1.406532042677193124e-02
1.455566456716959368e-02
1.504217425245510734e-02
1.552485364677036288e-02
1.600347892775829187e-02
1.650164208419248324e-02
1.698810227896521002e-02
1.748236682746670198e-02
1.797271661378499127e-02
1.846689000855183255e-02
1.896503956093833348e-02
1.946312164863827146e-02
1.996123577480484607e-02
2.045549609275771133e-02
2.095363194485772018e-02
2.145175992461951023e-02
2.195378274371919541e-02
2.245186483141908829e-02
2.294610767598826914e-02
2.344036997704156480e-02
2.393463641570198544e-02
2.442108373164605245e-02
2.492310655074570641e-02
2.542512936984540547e-02
2.592326128975823082e-02
2.642137740104055776e-02
2.691557448485551104e-02
2.741371033695549214e-02
2.790407000865284884e-02
2.840609282775248892e-02
2.890031718842517652e-02
2.939453846036961179e-02
2.988883807118960720e-02
3.039086089028929932e-02
3.089288370938893941e-02
3.139096579708889473e-02
3.188913282285902456e-02
3.239115564195869934e-02
3.288535076265900609e-02
3.338348661475901841e-02
3.388550943385870012e-02
3.438359152155858606e-02
3.488561434065826777e-02
3.537983482811105085e-02
3.587018785576830820e-02
3.636444451812077816e-02
3.685864160193566552e-02
3.736066442103533336e-02
3.785880223625003038e-02
3.835693808835005658e-02
3.885896090744968279e-02
3.936098372654930205e-02
3.986300654564898377e-02
4.036114436086369467e-02
4.085930557971621108e-02
4.135742367409892678e-02
4.185558295342343277e-02
4.235760577252307285e-02
4.285574358773779069e-02
4.335776640683745853e-02
4.385590422205205147e-02
4.435792704115176788e-02
4.485609019758599741e-02
4.535422604968604443e-02
4.585239307545612569e-02
4.635441589455578659e-02
4.685643871365544055e-02
4.735846153275519166e-02
4.786048435185485256e-02
4.836250717095445795e-02
4.886452999005408415e-02
4.936655280915372424e-02
4.986857562825348228e-02
5.036671344346808910e-02
5.086873626256776387e-02
5.137075908166741783e-02
5.187278190076718976e-02
5.237086398846702712e-02
5.287288680756669496e-02
5.337490962666627259e-02
5.387693244576594737e-02
5.437895526486573317e-02
5.488097808396535937e-02
5.538300090306495782e-02
5.588502372216455627e-02
5.638704654126424493e-02
5.688906936036405154e-02
5.739109217946365693e-02
5.789311499856323456e-02
5.839513781766292322e-02
5.889716063676266045e-02
5.939918345586232828e-02
5.990120627496196837e-02
6.040322909406156682e-02
6.090525191316124159e-02
6.140727473226102046e-02
6.190929755136063972e-02
6.241132037046024511e-02
6.290948546253267992e-02
6.340764474185718591e-02
6.390966756095695089e-02
6.441169038005656322e-02
6.490977246775643528e-02
6.541179528685611699e-02
6.591381810595570157e-02
6.641195002586865181e-02
6.691397284496830578e-02
6.741599566406798749e-02
6.791801848316762757e-02
6.841610057086766616e-02
6.891812338996726461e-02
6.942014620906689082e-02
6.992216902816646151e-02
7.042419184726612935e-02
7.092621466636590821e-02
7.142823748546549278e-02
7.192640257753804556e-02
7.242456960330814764e-02
7.292659242240782935e-02
7.342861524150751107e-02
7.393063806060715115e-02
7.443266087970674960e-02
7.493468369880641744e-02
7.543670651790607140e-02
7.593872933700572536e-02
7.644075215610536544e-02
7.694277497520515818e-02
7.744479779430478439e-02
7.794682061340453549e-02
7.844884343250418945e-02
7.895086625160369076e-02
7.944902747045622105e-02
7.995105028955583337e-02
8.044920956888046426e-02
8.095123238798003495e-02
8.145325520707989708e-02
8.195527802617950941e-02
8.245730084527921888e-02
8.295932366437880345e-02
8.346134648347845741e-02
8.396336930257808362e-02
8.446539212167769595e-02
8.496741494077740542e-02
8.546943775987700387e-02
8.596760285194939011e-02
8.646962567104925224e-02
8.697164849014892007e-02
8.746981551591910542e-02
8.796797479524356977e-02
8.846999761434316822e-02
8.897202043344276667e-02
8.947404325254244839e-02
8.997606607164210235e-02
9.047808889074178407e-02
9.098011170984167395e-02
9.148213452894127240e-02
9.198415734804088473e-02
9.248618016714055257e-02
9.298820298624019265e-02
9.349022580533979110e-02
9.399224862443937567e-02
9.449427144353907126e-02
9.499243653561155465e-02
9.549445935471136127e-02
9.599648217381095971e-02
9.649850499291062755e-02
9.700052781201036478e-02
9.749869483778043910e-02
9.800071765688003755e-02
9.850274047597967764e-02
9.900476329507933160e-02
9.950678611417891617e-02
1.000088089332785840e-01
1.005108317523784878e-01
1.010128545714781279e-01
1.015148773905777541e-01
1.020169002096775052e-01
1.025189230287771175e-01
1.030209458478766327e-01
1.035229686669762589e-01
1.040249914860759406e-01
1.045231527049284292e-01
1.050251755240283469e-01
1.055271983431279870e-01
1.060292211622276826e-01
1.065312439813273088e-01
1.070332668004268240e-01
1.075352896195263946e-01
1.080373124386261596e-01
1.085393352577257164e-01
1.090413580768253149e-01
1.095433808959250244e-01
1.100454037150250808e-01
1.105474265341246098e-01
1.110494493532242083e-01
1.115514721723238623e-01
1.120534949914235162e-01
1.125555178105230175e-01
1.130575406296226576e-01
1.135557018484752295e-01
1.140577246675748835e-01
1.145597474866748705e-01
1.150617703057744690e-01
1.155637931248741090e-01
1.160658159439736520e-01
1.165678387630732782e-01
1.170698615821729599e-01
1.175718844012725584e-01
1.180739072203721290e-01
1.185759300394718385e-01
1.190779528585717562e-01
1.195799756776714101e-01
1.200819984967710224e-01
1.205840213158707597e-01
1.210860441349703859e-01
1.215880669540699011e-01
1.220900897731695273e-01
1.225921125922692645e-01
1.230941354113688491e-01
1.235961582304683642e-01
1.240981810495682958e-01
1.246002038686680052e-01
1.251022266877677147e-01
1.256042495068672715e-01
1.261062723259669671e-01
1.266082951450665517e-01
1.271103179641661640e-01
1.276123407832657763e-01
1.281143636023654719e-01
1.286163864214654173e-01
1.291184092405650019e-01
1.296204320596646142e-01
1.301224548787643098e-01
1.306244776978638666e-01
1.311265005169634790e-01
1.316246675427336643e-01
1.321266903618333322e-01
1.326247724495330793e-01
1.331267952686327749e-01
1.336288180877327758e-01
1.341269676401192212e-01
1.346289904592188336e-01
1.351310132783183904e-01
1.356330360974182525e-01
1.361350589165178648e-01
1.366370817356173384e-01
1.371391045547169785e-01
1.376411273738168128e-01
1.381431501929167582e-01
1.386451730120162873e-01
1.391471958311159274e-01
1.396453589875500667e-01
1.401473818066496235e-01
1.406494046257491803e-01
1.411514274448488204e-01
1.416534502639484605e-01
1.421554730830481561e-01
1.426574959021477684e-01
1.431595187212475750e-01
1.436615415403471874e-01
1.441635643594468275e-01
1.446655871785464953e-01
1.451637464578712511e-01
1.456657692769708912e-01
1.461677920960705312e-01
1.466698149151701436e-01
1.471718377342697559e-01
1.476738605533695348e-01
1.481758833724691748e-01
1.486779061915688704e-01
1.491799290106684828e-01
1.496780902295209159e-01
1.501801130486206393e-01
1.506821358677201683e-01
1.511841586868197806e-01
1.516861815059193375e-01
1.521882043250192273e-01
1.526902271441188674e-01
1.531845091660040403e-01
1.536865319851036249e-01
1.541846932039561968e-01
1.546867160230560867e-01
1.551887388421556158e-01
1.556907616612553114e-01
1.561927844803549514e-01
1.566948072994547025e-01
1.571968301185544814e-01
1.576988529376541770e-01
1.582008757567537338e-01
1.587028985758532074e-01
1.592049213949528197e-01
1.597069442140524320e-01
1.602089670331520443e-01
1.607109898522517677e-01
1.612130126713513523e-01
1.617111485234516421e-01
1.622131713425510602e-01
1.627151941616506725e-01
1.632172169807503126e-01
1.637192397998499804e-01
1.642212626189501479e-01
1.647232854380497324e-01
1.652253082571494280e-01
1.657273310762489849e-01
1.662293538953486249e-01
1.667313767144482373e-01
1.672333995335479051e-01
1.677354223526476285e-01
1.682374451717471853e-01
1.687394679908470196e-01
1.692414908099465209e-01
1.697435136290460778e-01
1.702455364481455791e-01
1.707475592672452192e-01
1.712495820863449980e-01
1.717516049054446936e-01
1.722536277245443337e-01
1.727556505436440848e-01
1.732576733627436971e-01
1.737596961818436980e-01
1.742617190009432826e-01
1.747637418200428949e-01
1.752657646391425905e-01
1.757677874582422861e-01
1.762698102773419540e-01
1.767718330964415108e-01
1.772738559155412619e-01
1.777758787346407354e-01
1.782779015537403755e-01
1.787799243728398768e-01
1.792819471919396279e-01
1.797839700110392958e-01
1.802859928301389081e-01
1.807880156492386314e-01
1.812900384683382438e-01
1.817920612874379394e-01
1.822940841065374684e-01
1.827961069256376636e-01
1.832981297447373037e-01
1.838001525638369438e-01
1.843021753829365006e-01
1.848041982020360297e-01
1.853062210211357530e-01
1.858082438402355041e-01
1.863102666593353107e-01
1.868122894784348398e-01
1.873143122975344799e-01
1.878163351166340367e-01
1.883183579357335935e-01
1.888203807548331503e-01
1.893224035739327626e-01
1.898244263930323472e-01
1.903264492121323204e-01
1.908284720312318772e-01
1.913304948503315173e-01
1.918325176694310741e-01
1.923345404885311583e-01
1.928365633076307983e-01
1.933385861267303829e-01
1.938406089458300785e-01
1.943426317649297741e-01
1.948446545840296085e-01
1.953427366717294111e-01
1.958447594908289957e-01
1.963467823099285248e-01
1.968488051290281371e-01
1.973508279481277217e-01
1.978528507672274450e-01
1.983548735863271129e-01
1.988568964054267529e-01
1.993589192245262542e-01
1.998609420436259221e-01
2.003629648627255622e-01
2.008649876818251190e-01
2.013670105009248423e-01
2.018690333200250653e-01
2.023710561391247054e-01
2.028730789582244287e-01
2.033751017773239855e-01
2.038771245964235146e-01
2.043791474155234045e-01
2.048811702346230723e-01
2.053831930537226291e-01
2.058852158728222415e-01
2.063872386919217705e-01
2.068892615110212718e-01
2.073912843301208841e-01
2.078933071492206075e-01
2.083953299683201643e-01
2.088973527874200542e-01
2.093993756065194722e-01
2.099013984256190846e-01
2.104034212447187246e-01
2.109054440638182815e-01
2.114074668829188652e-01
2.119094897020183943e-01
2.124115125211182009e-01
2.129135353402177577e-01
2.134155581593173423e-01
2.139175809784169824e-01
2.144196037975164559e-01
2.149216266166159572e-01
2.154236494357156251e-01
2.159256722548152652e-01
2.164276950739150718e-01
2.169258092000815596e-01
2.174278320191811165e-01
2.179298548382806733e-01
2.184318776573803411e-01
2.189339004764799257e-01
2.194359232955795103e-01
2.199379461146794279e-01
2.204399689337790402e-01
2.209419917528794020e-01
2.214440145719788755e-01
2.219460373910784601e-01
2.224480602101780724e-01
2.229500830292776570e-01
2.234482481213502236e-01
2.239502709404497249e-01
2.244522937595495593e-01
2.249543165786490606e-01
2.254563393977485619e-01
2.259583622168481465e-01
2.264603850359477311e-01
2.269624078550472879e-01
2.274644306741470945e-01
2.279664534932467901e-01
2.284684763123465967e-01
2.289666394687805695e-01
2.294686622878800986e-01
2.299706851069798219e-01
2.304688521327506179e-01
2.309708749518502857e-01
2.314728977709498425e-01
2.319709798586497285e-01
2.324730026777493685e-01
2.329750254968490086e-01
2.334770483159485377e-01
2.339790711350482610e-01
2.344810939541480121e-01
2.349831167732475690e-01
2.354851395923472368e-01
2.359871624114467659e-01
2.364891852305462394e-01
2.369912080496459073e-01
2.374932308687457416e-01
2.379952536878451874e-01
2.384972765069449385e-01
2.389992993260444121e-01
2.395013221451447460e-01
2.400033449642444694e-01
2.405053677833439985e-01
2.410073906024436385e-01
2.415094134215433341e-01
2.420114362406431407e-01
2.425134590597427808e-01
2.430154818788423932e-01
2.435175046979419222e-01
2.440195275170414513e-01
2.445215503361409803e-01
2.450235731552406204e-01
2.455255959743403438e-01
2.460276187934400394e-01
2.465296416125396517e-01
2.470316644316392640e-01
2.475336872507387376e-01
2.480357100698383221e-01
2.485377328889378790e-01
2.490397557080382962e-01
2.495417785271380473e-01
2.500438013462377707e-01
2.505458241653374940e-01
2.510478469844369398e-01
2.515498698035364966e-01
2.520518926226362200e-01
2.525539154417357213e-01
2.530559382608355556e-01
2.535579610799350569e-01
2.540599838990348358e-01
2.545620067181343371e-01
2.550640295372340050e-01
2.555660523563335618e-01
2.560680751754331186e-01
2.565700979945326199e-01
2.570721208136325098e-01
2.575741436327320111e-01
2.580761664518316789e-01
2.585781892709322349e-01
2.590802120900317362e-01
2.595822349091314041e-01
2.600842577282309054e-01
2.605862805473307398e-01
2.610883033664301300e-01
2.615903261855299089e-01
2.620923490046292992e-01
2.625943718237290225e-01
2.630963946428285238e-01
2.635984174619282472e-01
2.641004402810279150e-01
2.646024631001274163e-01
2.651044859192271397e-01
2.656065087383267520e-01
2.661085315574263088e-01
2.666105543765258656e-01
2.671125771956256445e-01
2.676146000147253123e-01
2.681166228338255908e-01
2.686186456529252586e-01
2.691206684720248155e-01
2.696226912911243723e-01
2.701247141102239291e-01
2.706267369293234304e-01
2.711287597484233203e-01
2.716307825675228771e-01
2.721328053866225449e-01
2.726348282057225458e-01
2.731368510248220471e-01
2.736388738439216595e-01
2.741408966630211053e-01
2.746429194821208286e-01
2.751449423012203854e-01
2.756469651203203308e-01
2.761489879394198876e-01
2.766510107585195555e-01
2.771530335776192233e-01
2.776511947964718785e-01
2.781532176155716019e-01
2.786552404346711587e-01
2.791572632537710486e-01
2.796592860728706054e-01
2.801613088919704397e-01
2.806633317110698300e-01
2.811653545301694423e-01
2.816673773492689992e-01
2.821694001683686115e-01
2.826714229874683904e-01
2.831734458065678361e-01
2.836754686256676150e-01
2.841774914447672273e-01
2.846795142638668952e-01
2.851776754827194393e-01
2.856796983018186631e-01
2.861817211209183309e-01
2.866837439400182208e-01
2.871857667591182217e-01
2.876877895782177785e-01
2.881898123973175574e-01
2.886918352164171697e-01
2.891938580355167820e-01
2.896958808546163944e-01
2.901979036737160067e-01
2.906999264928156190e-01
2.912019493119151758e-01
2.917039721310155653e-01
2.922059949501151221e-01
2.927080177692146790e-01
2.932100405883141803e-01
2.937120634074136816e-01
2.942140862265136270e-01
2.947161090456131283e-01
2.952181318647127961e-01
2.957201546838124084e-01
2.962221775029122428e-01
2.967242003220122992e-01
2.972262231411116895e-01
2.977282459602115794e-01
2.982302687793110252e-01
2.987322915984108040e-01
2.992343144175101943e-01
2.997363372366098622e-01
3.002383600557095855e-01
3.007403828748089758e-01
3.012384970009757135e-01
3.017405198200752148e-01
3.022425426391749936e-01
3.027445654582742729e-01
3.032427324840445415e-01
3.037447553031442649e-01
3.042467781222437662e-01
3.047488009413434340e-01
3.052508237604431018e-01
3.057528465795433248e-01
3.062548693986427706e-01
3.067568922177424384e-01
3.072589150368421063e-01
3.077609378559414965e-01
3.082629606750413309e-01
3.087649834941408877e-01
3.092670063132404445e-01
3.097690291323400569e-01
3.102710519514403353e-01
3.107730747705401697e-01
3.112750975896395045e-01
3.117771204087394499e-01
3.122791432278388957e-01
3.127811660469387856e-01
3.132831888660382313e-01
3.137852116851380102e-01
3.142872345042376780e-01
3.147892573233370683e-01
3.152912801424372913e-01
3.157933029615367371e-01
3.162953257806366270e-01
3.167973485997357952e-01
3.172993714188355741e-01
3.178013942379349643e-01
3.183034170570347432e-01
3.188054398761345221e-01
3.193074626952339679e-01
3.198094855143338022e-01
3.203115083334333590e-01
3.208135311525330269e-01
3.213155539716324727e-01
3.218175767907320850e-01
3.223195996098319194e-01
3.228216224289313652e-01
3.233236452480310330e-01
3.238256680671307008e-01
3.243276908862302577e-01
3.248297137053300365e-01
3.253317365244297044e-01
3.258337593435294277e-01
3.263357821626288180e-01
3.268378049817286524e-01
3.273398278008283757e-01
3.278418506199280436e-01
3.283438734390274338e-01
3.288458962581272682e-01
3.293479190772279352e-01
3.298499418963272700e-01
3.303519647154270489e-01
3.308539875345264947e-01
3.313560103536265511e-01
3.318580331727259969e-01
3.323600559918254982e-01
3.328620788109251660e-01
3.333641016300245563e-01
3.338661244491245572e-01
3.343681472682241140e-01
3.348701700873240594e-01
3.353721929064235052e-01
3.358742157255232286e-01
3.363762385446228409e-01
3.368782613637223422e-01
3.373802841828221766e-01
3.378823070019215669e-01
3.383843298210215123e-01
3.388863526401209580e-01
3.393883754592206259e-01
3.398903982783199051e-01
3.403924210974195730e-01
3.408944439165191853e-01
3.413964667356186866e-01
3.418984895547184100e-01
3.424005123738180778e-01
3.429025351929178567e-01
3.434045580120173025e-01
3.439065808311173589e-01
3.444086036502169712e-01
3.449106264693163615e-01
3.454126492884161403e-01
3.459146721075160857e-01
3.464166949266157536e-01
3.469187177457151994e-01
3.474207405648149227e-01
3.479227633839143685e-01
3.484247862030148690e-01
3.489268090221146479e-01
3.494288318412142047e-01
3.499308546603139281e-01
3.504328774794134294e-01
3.509349002985132637e-01
3.514369231176128761e-01
3.519389459367119888e-01
3.524409687558118787e-01
3.529429915749115465e-01
3.534450143940116029e-01
3.539470372131109377e-01
3.544490600322109941e-01
3.549510828513104954e-01
3.554531056704099967e-01
3.559551284895097756e-01
3.564571513086089993e-01
3.569591741277090002e-01
3.574611969468083350e-01
3.579632197659081139e-01
3.584652425850074486e-01
3.589634096107777728e-01
3.594654324298772741e-01
3.599674552489767754e-01
3.604694780680767208e-01
3.609715008871762776e-01
3.614735237062759454e-01
3.619755465253752802e-01
3.624775693444754476e-01
3.629795921635752265e-01
3.634816149826745613e-01
3.639836378017743401e-01
3.644856606208738969e-01
3.649876834399736203e-01
3.654897062590731216e-01
3.659917290781729005e-01
3.664937518972726793e-01
3.669957747163729023e-01
3.674977975354726256e-01
3.679998203545722379e-01
3.685018431736719613e-01
3.690038659927713516e-01
3.695058888118711304e-01
3.700079116309709648e-01
3.705099344500702441e-01
3.710119572691699674e-01
3.715139800882693022e-01
3.720160029073698027e-01
3.725180257264691930e-01
3.730200485455689163e-01
3.735220713646686952e-01
3.740240941837680855e-01
3.745261170028678088e-01
3.750281398219671991e-01
3.755301626410672000e-01
3.760321854601663683e-01
3.765342082792662026e-01
3.770362310983655374e-01
3.775382539174652052e-01
3.780402767365649841e-01
3.785422995556643744e-01
3.790443223747641532e-01
3.795463451938635435e-01
3.800483680129634334e-01
3.805503908320629347e-01
3.810524136511627136e-01
3.815544364702628255e-01
3.820564592893622158e-01
3.825584821084620502e-01
3.830605049275613294e-01
3.835625277466611083e-01
3.840645505657604430e-01
3.845665733848602219e-01
3.850685962039598342e-01
3.855706190230593355e-01
3.860726418421602246e-01
3.865746646612598370e-01
3.870766874803593938e-01
3.875787102994586730e-01
3.880807331185583964e-01
3.885827559376584528e-01
3.890847787567579541e-01
3.895868015758576774e-01
3.900888243949570122e-01
3.905908472140574017e-01
3.910889751938188552e-01
3.915909980129186341e-01
3.920930208320184129e-01
3.925950436511176922e-01
3.930970664702174155e-01
3.935990892893167503e-01
3.941011121084169178e-01
3.946031349275160860e-01
3.951051577466157538e-01
3.956071805657150886e-01
3.961092033848148675e-01
3.966112262039145353e-01
3.971132490230138701e-01
3.976152718421142596e-01
3.981172946612136498e-01
3.986193174803130956e-01
3.991213402994124859e-01
3.996233631185121538e-01
4.001253859376120436e-01
4.006274087567116560e-01
4.011294315758114348e-01
4.016314543949109361e-01
4.021334772140106040e-01
4.026355000331099387e-01
4.031375228522096066e-01
4.036395456713093854e-01
4.041415684904087757e-01
4.046435913095086101e-01
4.051456141286094437e-01
4.056476369477093336e-01
4.061496597668088904e-01
4.066516825859085582e-01
4.071537054050083371e-01
4.076557282241076718e-01
4.081577510432075617e-01
4.086597738623067855e-01
4.091617966814068974e-01
4.096638195005066208e-01
4.101658423196060665e-01
4.106678651387057899e-01
4.111698879578050692e-01
4.116719107769049035e-01
4.121739335960042383e-01
4.126759564151042392e-01
4.131779792342036850e-01
4.136800020533034083e-01
4.141820248724024101e-01
4.146840476915025775e-01
4.151860705106022453e-01
4.156880933297016356e-01
4.161901161488015810e-01
4.166921389679010268e-01
4.171941617870007502e-01
4.176961846061000294e-01
4.181982074251996417e-01
4.187002302442993651e-01
4.192022530633989774e-01
4.197042758824987563e-01
4.202062987015983131e-01
4.207083215206979809e-01
4.212103443397974822e-01
4.217123671588971501e-01
4.222143899779969289e-01
4.227164127970961527e-01
4.232184356161963756e-01
4.237204584352972647e-01
4.242224812543972101e-01
4.247245040734966559e-01
4.252265268925963793e-01
4.257285497116960471e-01
4.262305725307952153e-01
4.267325953498950497e-01
4.272346181689944400e-01
4.277366409880943299e-01
4.282386638071937757e-01
4.287406866262937211e-01
4.292427094453934444e-01
4.297447322644926682e-01
4.302467550835923360e-01
4.307487779026917263e-01
4.312508007217916717e-01
4.317528235408912285e-01
4.322548463599911184e-01
4.327568691790903976e-01
4.332588919981901210e-01
4.337609148172897333e-01
4.342629376363889571e-01
4.347649604554891245e-01
4.352669832745883483e-01
4.357690060936881826e-01
4.362710289127874064e-01
4.367730517318872407e-01
4.372750745509869086e-01
4.377770973700862989e-01
4.382791201891863553e-01
4.387811430082858566e-01
4.392831658273856354e-01
4.397851886464849702e-01
4.402872114655850821e-01
4.407892342846848610e-01
4.412912571037841403e-01
4.417932799228836416e-01
4.422953027419834204e-01
4.427973255610845871e-01
4.432993483801840884e-01
4.438013711992837007e-01
4.443033940183835351e-01
4.448054168374828699e-01
4.453074396565824822e-01
4.458094624756819835e-01
4.463114852947817068e-01
4.468135081138810416e-01
4.473155309329808760e-01
4.478175537520808214e-01
4.483195765711801006e-01
4.488215993902802126e-01
4.493236222093793253e-01
4.498256450284794927e-01
4.503276678475786055e-01
4.508296906666785508e-01
4.513317134857781077e-01
4.518337363048775535e-01
4.523357591239774433e-01
4.528377819430765561e-01
4.533398047621767235e-01
4.538418275812758917e-01
4.543438504003756151e-01
4.548458732194750609e-01
4.553478960385747287e-01
4.558499188576746741e-01
4.563519416767739534e-01
4.568539644958738988e-01
4.573559873149736221e-01
4.578580101340734010e-01
4.583600329531727358e-01
4.588620557722724591e-01
4.593640785913722380e-01
4.598661014104716838e-01
4.603681242295714071e-01
4.608701470486709639e-01
4.613721698677704097e-01
4.618741926868713543e-01
4.623762155059710777e-01
4.628782383250707455e-01
4.633802611441702468e-01
4.638822839632701367e-01
4.643843067823694715e-01
4.648863296014692503e-01
4.653883524205685296e-01
4.658903752396685860e-01
4.663923980587685869e-01
4.668944208778678662e-01
4.673964436969677561e-01
4.678984665160669798e-01
4.684004893351670362e-01
4.689025121542663710e-01
4.694045349733660943e-01
4.699065577924658732e-01
4.704085806115651525e-01
4.709106034306649868e-01
4.714126262497642661e-01
4.719146490688642115e-01
4.724166718879636018e-01
4.729186947070631586e-01
4.734207175261626044e-01
4.739227403452622722e-01
4.744247631643622731e-01
4.749267859834616634e-01
4.754288088025616643e-01
4.759308316216613322e-01
4.764328544407610555e-01
4.769348772598600017e-01
4.774369000789598361e-01
4.779389228980594484e-01
4.784409457171588387e-01
4.789429685362587286e-01
4.794449913553582299e-01
4.799470141744580087e-01
4.804490369935586203e-01
4.809510598126586212e-01
4.814530826317583445e-01
4.819551054508576238e-01
4.824571282699575692e-01
4.829591510890574035e-01
4.834611739081571269e-01
4.839631967272564617e-01
4.844652195463561850e-01
4.849672423654560194e-01
4.854692651845554652e-01
4.859712880036552995e-01
4.864733108227546343e-01
4.869753336418546907e-01
4.874773564609540810e-01
4.879793792800536933e-01
4.884814020991533057e-01
4.889834249182526404e-01
4.894854477373524748e-01
4.899874705564517541e-01
4.904894933755518105e-01
4.909876526548758169e-01
4.914896754739760398e-01
4.919916982930751526e-01
4.924937211121748204e-01
4.929957439312744327e-01
4.934977667503738230e-01
4.939997895694739349e-01
4.945018123885733252e-01
4.950038352076732706e-01
4.955058580267724389e-01
4.960078808458721067e-01
4.965099036649719411e-01
4.970119264840712203e-01
4.975139493031709992e-01
4.980159721222706115e-01
4.985179949413703349e-01
4.990200177604697251e-01
4.995220405795710583e-01
5.000240633986714478e-01
5.005260862177703940e-01
5.010281090368701173e-01
5.015301318559696186e-01
5.020321546750695640e-01
5.025341774941688433e-01
5.030362003132686777e-01
5.035382231323685120e-01
5.040402459514680134e-01
5.045422687705675147e-01
5.050442915896670160e-01
5.055463144087668503e-01
5.060483372278662406e-01
5.065503600469660750e-01
5.070523828660659094e-01
5.075544056851651886e-01
5.080564285042648009e-01
5.085584513233640802e-01
5.090604741424642476e-01
5.095624969615636379e-01
5.100645197806633613e-01
5.105665425997627516e-01
5.110685654188623639e-01
5.115705882379623093e-01
5.120726110570612555e-01
5.125746338761614229e-01
5.130766566952607022e-01
5.135786795143607586e-01
5.140807023334600379e-01
5.145827251525599833e-01
5.150847479716595956e-01
5.155867707907588748e-01
5.160887936098583761e-01
5.165908164289583215e-01
5.170928392480581559e-01
5.175948620671577682e-01
5.180968848862577136e-01
5.185989077053586582e-01
5.191009305244580485e-01
5.196029533435577719e-01
5.201049761626573842e-01
5.206069989817571075e-01
5.211090218008561648e-01
5.216110446199559991e-01
5.221130674390556115e-01
5.226150902581552238e-01
5.231171130772548361e-01
5.236191358963544484e-01
5.241211587154540608e-01
5.246231815345534510e-01
5.251252043536529523e-01
5.256272271727534529e-01
5.261292499918522880e-01
5.266312728109523444e-01
5.271332956300515127e-01
5.276353184491519022e-01
5.281373412682512924e-01
5.286393640873505717e-01
5.291413869064507391e-01
5.296434097255499074e-01
5.301454325446497418e-01
5.306474553637490210e-01
5.311494781828492995e-01
5.316515010019482457e-01
5.321535238210481911e-01
5.326555466401474703e-01
5.331575694592476378e-01
5.336595922783469170e-01
5.341616150974470845e-01
5.346636379165465858e-01
5.351656607356463091e-01
5.356676835547454774e-01
5.361697063738453117e-01
5.366717291929449241e-01
5.371737520120459797e-01
5.376757748311454810e-01
5.381777976502455374e-01
5.386798204693444836e-01
5.391818432884445400e-01
5.396838661075433752e-01
5.401858889266434316e-01
5.406879117457429329e-01
5.411899345648427673e-01
5.416919573839422686e-01
5.421939802030418809e-01
5.426960030221416043e-01
5.431980258412414386e-01
5.437000486603408289e-01
5.442020714794408853e-01
5.447040942985400536e-01
5.452061171176402210e-01
5.457081399367389452e-01
5.462101627558392236e-01
5.467121855749392800e-01
5.472142083940384483e-01
5.477162312131380606e-01
5.482182540322376729e-01
5.487202768513377293e-01
5.492222996704364535e-01
5.497243224895368430e-01
5.502263453086359002e-01
5.507283681277361786e-01
5.512303909468351248e-01
5.517324137659357364e-01
5.522344365850349046e-01
5.527364594041345169e-01
5.532384822232340182e-01
5.537405050423340747e-01
5.542425278614334649e-01
5.547445506805326332e-01
5.552465734996321345e-01
5.557485963187324129e-01
5.562506191378322473e-01
5.567526419569326368e-01
5.572546647760318050e-01
5.577566875951319725e-01
5.582587104142308077e-01
5.587607332333309751e-01
5.592627560524302543e-01
5.597647788715304218e-01
5.602668016906294790e-01
5.607688245097300905e-01
5.612708473288290367e-01
5.617728701479289821e-01
5.622748929670281504e-01
5.627769157861285398e-01
5.632789386052272640e-01
5.637809614243274314e-01
5.642829842434265997e-01
5.647850070625269892e-01
5.652870298816264905e-01
5.657890527007258807e-01
5.662910755198262702e-01
5.667930983389251054e-01
5.672951211580252728e-01
5.677971439771243300e-01
5.682991667962251636e-01
5.688011896153235547e-01
5.693032124344239442e-01
5.698052352535228904e-01
5.703072580726232799e-01
5.708092808917220040e-01
5.713113037108223935e-01
5.718133265299214507e-01
5.723153493490213961e-01
5.728173721681204533e-01
5.733193949872206208e-01
5.738214178063196780e-01
5.743234406254199564e-01
5.748254634445193467e-01
5.753274862636202913e-01
5.758295090827191265e-01
5.763315319018194050e-01
5.768335547209185732e-01
5.773355775400191847e-01
5.778376003591179089e-01
5.783396231782182983e-01
5.788416459973170225e-01
5.793436688164174120e-01
5.798456916355163582e-01
5.803477144546166366e-01
5.808497372737156939e-01
5.813517600928159723e-01
5.818537829119148075e-01
5.823558057310153080e-01
5.828578285501136991e-01
5.833598513692143106e-01
5.838618741883131458e-01
5.843638970074135353e-01
5.848659198265138137e-01
5.853679426456130930e-01
5.858699654647132604e-01
5.863719882838116515e-01
5.868740111029121520e-01
5.873760339220109872e-01
5.878780567411114877e-01
5.883800795602097677e-01
5.888821023793106013e-01
5.893841251984097696e-01
5.898861480175096039e-01
5.903881708366086611e-01
5.908901936557091616e-01
5.913922164748081078e-01
5.918942392939078312e-01
5.923962621130073325e-01
5.928982849321078330e-01
5.934003077512063351e-01
5.939023305703077238e-01
5.944043533894071141e-01
5.949063762085076146e-01
5.954083990276057836e-01
5.959104218467063951e-01
5.964124446658056744e-01
5.969144674849056198e-01
5.974164903040045660e-01
5.979185131231050665e-01
5.984205359422041237e-01
5.989225587613039581e-01
5.994245815804030153e-01
5.999266043995037379e-01
6.004286272186022400e-01
6.009306500377027405e-01
6.014326728568015756e-01
6.019346956759017431e-01
6.024367184950003562e-01
6.029387413141008567e-01
6.034407641332016903e-01
6.039427869523000814e-01
6.044448097714005819e-01
6.049468325904995281e-01
6.054488554096002506e-01
6.059508782286984196e-01
6.064529010477989202e-01
6.069549238668976443e-01
6.074569466859981448e-01
6.079589695050970910e-01
6.084609923241975915e-01
6.089630151432967597e-01
6.094650379623964831e-01
6.099670607814954293e-01
6.104690836005958188e-01
6.109711064196948760e-01
6.114731292387954875e-01
6.119751520578942117e-01
6.124771748769948232e-01
6.129791976960943245e-01
6.134812205151948250e-01
6.139832433342936602e-01
6.144852661533940497e-01
6.149872889724928848e-01
6.154893117915934964e-01
6.159913346106923315e-01
6.164933574297923879e-01
6.169953802488912231e-01
6.174974030679915016e-01
6.179994258870903368e-01
6.185014487061908373e-01
6.190034715252896724e-01
6.195054943443902840e-01
6.200075171634887861e-01
6.205095399825892866e-01
6.210115628016881217e-01
6.215135856207887333e-01
6.220156084398887897e-01
6.225176312589881800e-01
6.230196540780882364e-01
6.235216768971868495e-01
6.240236997162874610e-01
6.245257225353859631e-01
6.250277453544867967e-01
6.255297681735851878e-01
6.260317909926862434e-01
6.265338138117848565e-01
6.270358366308849130e-01
6.275378594499839702e-01
6.280398822690846927e-01
6.285419050881834169e-01
6.290439279072835843e-01
6.295459507263828636e-01
6.300479735454832531e-01
6.305499963645816441e-01
6.310520191836821446e-01
6.315540420027814239e-01
6.320560648218825905e-01
6.325580876409809816e-01
6.330601104600815932e-01
6.335621332791804283e-01
6.340641560982803737e-01
6.345661789173789868e-01
6.350682017364798204e-01
6.355702245555786556e-01
6.360722473746786010e-01
6.365742701937777692e-01
6.370762930128787138e-01
6.375783158319771049e-01
6.380803386510773834e-01
6.385823614701763296e-01
6.390843842892771631e-01
6.395864071083754432e-01
6.400884299274759437e-01
6.405904527465752230e-01
6.410924755656752794e-01
6.415944983847757799e-01
6.420965212038745040e-01
6.425985440229753376e-01
6.431005668420737287e-01
6.436025896611741182e-01
6.441046124802731754e-01
6.446066352993733428e-01
6.451086581184722890e-01
6.456106809375730116e-01
6.461127037566718467e-01
6.466147265757720142e-01
6.471167493948707383e-01
6.476187722139712388e-01
6.481207950330700740e-01
6.486228178521701304e-01
6.491248406712691876e-01
6.496268634903697992e-01
6.501288863094680792e-01
6.506309091285695789e-01
6.511329319476680810e-01
6.516349547667689146e-01
6.521369775858674167e-01
6.526390004049683613e-01
6.531410232240668634e-01
6.536430460431673639e-01
6.541450688622659770e-01
6.546470916813666996e-01
6.551491145004653127e-01
6.556511373195661463e-01
6.561531601386648704e-01
6.566551829577657040e-01
6.571572057768637620e-01
6.576592285959643736e-01
6.581612514150632087e-01
6.586632742341637092e-01
6.591652970532625444e-01
6.596673198723631559e-01
6.601693426914642115e-01
6.606713655105620475e-01
6.611733883296627701e-01
6.616754111487612722e-01
6.621774339678621057e-01
6.626794567869603858e-01
6.631814796060616635e-01
6.636835024251600545e-01
6.641855252442603330e-01
6.646875480633587241e-01
6.651895708824597797e-01
6.656915937015580598e-01
6.661936165206583382e-01
6.666956393397579506e-01
6.671976621588583400e-01
6.676996849779567311e-01
6.682017077970568986e-01
6.687037306161559558e-01
6.692057534352571224e-01
6.697077762543557355e-01
6.702097990734569022e-01
6.707118218925557374e-01
6.712099714449424326e-01
6.717119942640412678e-01
6.722140170831418793e-01
6.727160399022407145e-01
6.732180627213407709e-01
6.737200855404401612e-01
6.742221083595407727e-01
6.747241311786389417e-01
6.752261539977396643e-01
6.757281768168383884e-01
6.762301996359392220e-01
6.767322224550371690e-01
6.772342452741380026e-01
6.777362680932371708e-01
6.782382909123374493e-01
6.787403137314373947e-01
6.792423365505366739e-01
6.797443593696372854e-01
6.802463821887353435e-01
6.807484050078358440e-01
6.812504278269351232e-01
6.817524506460352907e-01
6.822544734651340148e-01
6.827564962842344043e-01
6.832585191033334615e-01
6.837605419224341841e-01
6.842625647415324641e-01
6.847645875606332977e-01
6.852666103797315778e-01
6.857686331988326334e-01
6.862706560179310245e-01
6.867726788370321911e-01
6.872747016561300271e-01
6.877767244752309717e-01
6.882787472943296958e-01
6.887807701134310845e-01
6.892827929325293645e-01
6.897848157516306422e-01
6.902868385707289223e-01
6.907888613898295338e-01
6.912908842089278139e-01
6.917929070280287585e-01
6.922949298471277046e-01
6.927969526662279831e-01
6.932989754853271513e-01
6.938009983044275408e-01
6.943030211235260429e-01
6.948050439426263214e-01
6.953070667617250455e-01
6.958090895808255461e-01
6.963111123999241592e-01
6.968131352190248817e-01
6.973151580381237169e-01
6.978171808572236623e-01
6.983192036763246069e-01
6.988212264954231090e-01
6.993232493145241646e-01
6.998252721336223336e-01
7.003272949527233893e-01
7.008293177718224465e-01
7.013313405909221698e-01
7.018333634100211160e-01
7.023353862291218386e-01
7.028374090482206737e-01
7.033394318673203971e-01
7.038414546864200094e-01
7.043434775055203989e-01
7.048455003246185679e-01
7.053475231437190685e-01
7.058495459628182367e-01
7.063515687819184041e-01
7.068535916010167952e-01
7.073556144201188500e-01
7.078576372392176852e-01
7.083596600583174085e-01
7.088616828774161327e-01
7.093637056965177434e-01
7.098657285156156904e-01
7.103677513347161909e-01
7.108697741538145820e-01
7.113717969729158597e-01
7.118738197920136956e-01
7.123758426111146402e-01
7.128778654302132534e-01
7.133798882493141980e-01
7.138819110684118119e-01
7.143839338875129785e-01
7.148859567066118137e-01
7.153879795257123142e-01
7.158900023448104832e-01
7.163920251639117609e-01
7.168940479830122614e-01
7.173960708021104304e-01
7.178980936212112640e-01
7.184001164403104323e-01
7.189021392594109328e-01
7.194041620785091018e-01
7.199061848976103795e-01
7.204082077167086595e-01
7.209102305358091600e-01
7.214122533549072180e-01
7.219142761740091618e-01
7.224162989931069978e-01
7.229183218122079424e-01
7.234203446313063335e-01
7.239223674504075001e-01
7.244243902695052251e-01
7.249264130886060586e-01
7.254284359077046718e-01
7.259304587268060605e-01
7.264324815459047846e-01
7.269345043650055072e-01
7.274365271841042313e-01
7.279385500032041767e-01
7.284405728223027898e-01
7.289425956414036234e-01
7.294446184605024586e-01
7.299466412796028481e-01
7.304486640987019053e-01
7.309506869178025168e-01
7.314527097369007969e-01
7.319547325560011863e-01
7.324567553751002436e-01
7.329587781942007441e-01
7.334569355320471606e-01
7.339589583511477722e-01
7.344609811702464963e-01
7.349630039893461086e-01
7.354650268084467202e-01
7.359670496275462215e-01
7.364690724466466110e-01
7.369710952657454461e-01
7.374731180848461687e-01
7.379751409039448928e-01
7.384771637230446162e-01
7.389791865421436734e-01
7.394812093612442849e-01
7.399832321803431201e-01
7.404852549994435096e-01
7.409872778185428999e-01
7.414893006376429563e-01
7.419913234567412363e-01
7.424933462758415148e-01
7.429953690949404610e-01
7.434973919140410725e-01
7.439994147331392416e-01
7.445014375522411854e-01
7.450034603713392434e-01
7.455054831904402990e-01
7.460035993017213318e-01
7.465056221208228315e-01
7.470076449399208895e-01
7.475096677590213901e-01
7.480116905781204473e-01
7.485137133972213919e-01
7.490157362163188948e-01
7.495177590354200614e-01
7.500197818545188966e-01
7.505218046736198412e-01
7.510238274927172331e-01
7.515258503118182887e-01
7.520278731309172349e-01
7.525298959500177354e-01
7.530319187691162375e-01
7.535339415882172931e-01
7.540359644073157952e-01
7.545379872264157406e-01
7.550400100455166852e-01
7.555420328646156314e-01
7.560440556837162429e-01
7.565460785028143009e-01
7.570481013219159117e-01
7.575501241410141917e-01
7.580521469601142481e-01
7.585541697792125282e-01
7.590561925983138059e-01
7.595582154174118639e-01
7.600602382365131415e-01
7.605622610556115326e-01
7.610642838747126993e-01
7.615663066938108683e-01
7.620683295129110357e-01
7.625703523320100929e-01
7.630723751511105934e-01
7.635743979702094286e-01
7.640764207893110393e-01
7.645784436084097635e-01
7.650804664275097089e-01
7.655824892466083220e-01
7.660845120657087115e-01
7.665865348848076577e-01
7.670885577039080472e-01
7.675905805230069934e-01
7.680926033421074939e-01
7.685946261612057739e-01
7.690966489803063855e-01
7.695986717994052206e-01
7.701006946185063873e-01
7.706027174376043343e-01
7.711047402567057230e-01
7.716067630758038920e-01
7.721087858949046145e-01
7.726108087140023395e-01
7.731128315331037282e-01
7.736148543522043397e-01
7.741168771713027308e-01
7.746188999904036754e-01
7.751209228095025106e-01
7.756229456286023449e-01
7.761249684477009581e-01
7.766269912668019026e-01
7.771290140859006268e-01
7.776310369050011273e-01
7.781330597240999625e-01
7.786350825432011291e-01
7.791371053622988541e-01
7.796391281813997987e-01
7.801411510004983008e-01
7.806393180262700682e-01
7.811413408453673490e-01
7.816433636644695149e-01
7.821453864835673508e-01
7.826474093026686285e-01
7.831494321217669086e-01
7.836514549408684083e-01
7.841534777599663553e-01
7.846555005790670778e-01
7.851575233981658020e-01
7.856595462172669686e-01
7.861615690363644715e-01
7.866635918554655271e-01
7.871656146745646954e-01
7.876676374936651959e-01
7.881696603127633649e-01
7.886716831318646426e-01
7.891737059509631447e-01
7.896757287700630901e-01
7.901777515891617032e-01
7.906758677004455116e-01
7.911778905195440137e-01
7.916799133386439591e-01
7.921819361577446816e-01
7.926839589768440719e-01
7.931859817959447945e-01
7.936880046150425194e-01
7.941900274341441301e-01
7.946920502532420771e-01
7.951940730723429107e-01
7.956960958914415238e-01
7.961981187105428015e-01
7.967001415296409705e-01
7.972021643487411380e-01
7.977041871678400842e-01
7.982062099869405847e-01
7.987082328060387537e-01
7.992102556251393652e-01
7.997122784442382004e-01
8.002143012633388119e-01
8.007163240824375361e-01
8.012183469015384807e-01
8.017203697206370938e-01
8.022223925397377053e-01
8.027244153588362074e-01
8.032264381779372631e-01
8.037284609970356541e-01
8.042304838161369318e-01
8.047325066352351008e-01
8.052345294543358234e-01
8.057365522734335483e-01
8.062385750925349370e-01
8.067405979116332171e-01
8.072426207307343837e-01
8.077446435498323307e-01
8.082466663689338304e-01
8.087486891880318884e-01
8.092507120071327220e-01
8.097527348262305580e-01
8.102547576453323908e-01
8.107567804644298937e-01
8.112588032835312823e-01
8.117608261026322269e-01
8.122628489217306180e-01
8.127648717408314516e-01
8.132668945599293986e-01
8.137689173790311203e-01
8.142709401981290673e-01
8.147729630172300119e-01
8.152749858363284030e-01
8.157770086554296807e-01
8.162790314745269615e-01
8.167810542936284612e-01
8.172830771127268523e-01
8.177850999318280190e-01
8.182871227509252998e-01
8.187891455700273546e-01
8.192911683891251906e-01
8.197931912082261352e-01
8.202952140273238602e-01
8.207972368464261370e-01
8.212992596655243061e-01
8.218012824846244735e-01
8.223033053037237528e-01
8.228053281228245863e-01
8.233073509419225333e-01
8.238093737610232559e-01
8.243113965801220910e-01
8.248134193992228136e-01
8.253154422183206496e-01
8.258174650374218162e-01
8.263194878565207624e-01
8.268215106756210409e-01
8.273235334947194319e-01
8.278255563138205986e-01
8.283275791329185456e-01
8.288296019520189351e-01
8.293316247711171041e-01
8.298336475902193810e-01
8.303356704093195484e-01
8.308376932284179395e-01
8.313397160475192171e-01
8.318417388666176082e-01
8.323437616857178867e-01
8.328457845048159447e-01
8.333478073239179995e-01
8.338498301430158355e-01
8.343518529621165580e-01
8.348538757812152822e-01
8.353558986003160047e-01
8.358579214194139517e-01
8.363599442385143412e-01
8.368619670576133984e-01
8.373639898767141210e-01
8.378660126958121790e-01
8.383680355149140118e-01
8.388700583340117367e-01
8.393720811531131254e-01
8.398741039722110724e-01
8.403761267913127941e-01
8.408781496104104081e-01
8.413801724295119078e-01
8.418821952486098548e-01
8.423842180677112434e-01
8.428862408868087464e-01
8.433882637059101350e-01
8.438902865250080820e-01
8.443923093441096928e-01
8.448943321632074177e-01
8.453963549823092505e-01
8.458983778014066424e-01
8.464004006205076980e-01
8.469024234396062001e-01
8.474044462587072557e-01
8.479064690778055358e-01
8.484084918969065914e-01
8.489105147160076470e-01
8.494125375351058160e-01
8.499145603542068717e-01
8.504165831733047076e-01
8.509186059924065404e-01
8.514206288115041543e-01
8.519226516306054320e-01
8.524246744497032680e-01
8.529266972688046566e-01
8.534287200879018265e-01
8.539307429070037703e-01
8.544327657261014952e-01
8.549347885452031059e-01
8.554368113643009419e-01
8.559388341834023306e-01
8.564408570025006107e-01
8.569428798216011112e-01
8.574449026406995022e-01
8.579469254598007799e-01
8.584489482788995041e-01
8.589509710980000046e-01
8.594529939170988397e-01
8.599550167361994513e-01
8.604570395552971762e-01
8.609590623743980098e-01
8.614610851934968450e-01
8.619631080125977896e-01
8.624651308316952925e-01
8.629671536507971252e-01
8.634691764698955163e-01
8.639711992889963499e-01
8.644732221080939638e-01
8.649752449271957966e-01
8.654772677462937436e-01
8.659792905653945772e-01
8.664813133844921911e-01
8.669833362035945790e-01
8.674853590226911937e-01
8.679873818417929154e-01
8.684894046608943041e-01
8.689914274799926952e-01
8.694934502990927516e-01
8.699954731181911427e-01
8.704974959372929755e-01
8.709995187563905894e-01
8.715015415754915340e-01
8.720035643945900361e-01
8.725055872136916468e-01
8.730076100327889277e-01
8.735096328518902054e-01
8.740116556709887075e-01
8.745136784900897631e-01
8.750157013091872660e-01
8.755177241282892098e-01
8.760197469473869347e-01
8.765217697664879903e-01
8.770237925855856043e-01
8.775258154046877701e-01
8.780278382237856061e-01
8.785298610428869948e-01
8.790318838619850528e-01
8.795339066810865525e-01
8.800359295001839444e-01
8.805379523192852220e-01
8.810399751383838352e-01
8.815419979574846687e-01
8.820440207765830598e-01
8.825460435956843375e-01
8.830480664147822845e-01
8.835500892338827850e-01
8.840521120529808430e-01
8.845541348720820096e-01
8.850561576911804007e-01
8.855581805102814563e-01
8.860602033293798474e-01
8.865622261484809030e-01
8.870642489675819586e-01
8.875662717866793505e-01
8.880682946057812943e-01
8.885703174248790193e-01
8.890723402439806300e-01
8.895743630630791321e-01
8.900725223424048593e-01
8.905745451615023622e-01
8.910765679806029738e-01
8.915785907997016979e-01
8.920806136188026425e-01
8.925826364379008115e-01
8.930846592570023113e-01
8.935866820761004803e-01
8.940887048952007587e-01
8.945907277142989278e-01
8.950927505334002054e-01
8.955947733524984855e-01
8.960967961715992081e-01
8.965988189906987094e-01
8.971008418097994319e-01
8.976028646288970458e-01
8.981048874479986566e-01
8.986069102670963815e-01
8.991089330861978812e-01
8.996109559052950511e-01
9.001129787243976610e-01
9.006150015434951639e-01
9.011170243625961085e-01
9.016190471816935004e-01
9.021210700007957772e-01
9.026230928198932801e-01
9.031251156389942247e-01
9.036271384580928379e-01
9.041291612771942265e-01
9.046311840962913964e-01
9.051332069153927851e-01
9.056352297344935076e-01
9.061372525535924538e-01
9.066392753726935094e-01
9.071412981917911234e-01
9.076433210108934002e-01
9.081453438299904590e-01
9.086473666490921808e-01
9.091493894681900167e-01
9.096514122872917385e-01
9.101534351063886863e-01
9.106554579254905191e-01
9.111574807445889101e-01
9.116595035636898547e-01
9.121615263827874687e-01
9.126635492018894125e-01
9.131655720209870264e-01
9.136675948400881930e-01
9.141696176591855849e-01
9.146716404782871956e-01
9.151736632973858088e-01
9.156756861164867534e-01
9.161777089355855885e-01
9.166797317546864221e-01
9.171817545737841471e-01
9.176837773928848696e-01
9.181858002119834827e-01
9.186878230310845383e-01
9.191898458501827074e-01
9.196918686692842071e-01
9.201938914883825982e-01
9.206959143074828766e-01
9.211979371265810457e-01
9.216999599456824344e-01
9.222019827647799373e-01
9.227040055838807708e-01
9.232060284029794950e-01
9.237080512220811057e-01
9.242100740411779425e-01
9.247120968602794422e-01
9.252141196793811639e-01
9.257161424984792220e-01
9.262181653175798335e-01
9.267201881366786687e-01
9.272222109557795022e-01
9.277242337748774492e-01
9.282262565939781718e-01
9.287282794130772290e-01
9.292303022321777295e-01
9.297323250512758985e-01
9.302343478703771762e-01
9.307363706894754563e-01
9.312383935085756237e-01
9.317404163276741258e-01
9.322424391467759586e-01
9.327444619658733505e-01
9.332464847849745171e-01
9.337485076040731302e-01
9.342505304231748520e-01
9.347525532422720218e-01
9.352545760613737436e-01
9.357565988804715795e-01
9.362586216995731903e-01
9.367606445186702491e-01
9.372626673377729700e-01
9.377646901568701399e-01
9.382667129759714175e-01
9.387687357950689204e-01
9.392707586141709752e-01
9.397727814332683671e-01
9.402748042523696448e-01
9.407768270714688130e-01
9.412788498905693135e-01
9.417808727096672605e-01
9.422828955287680941e-01
9.427849183478665962e-01
9.432869411669676518e-01
9.437889639860687074e-01
9.442909868051660993e-01
9.447930096242688203e-01
9.452950324433658791e-01
9.457970552624672678e-01
9.462990780815649927e-01
9.468011009006667145e-01
9.473031237197637733e-01
9.478051465388652730e-01
9.483071693579638861e-01
9.488091921770650528e-01
9.493112149961627777e-01
9.498132378152642774e-01
9.503152606343626685e-01
9.508172834534630580e-01
9.513193062725612270e-01
9.518213290916625047e-01
9.523233519107607847e-01
9.528253747298618404e-01
9.533273975489601204e-01
9.538294203680611760e-01
9.543314431871589010e-01
9.548334660062597345e-01
9.553354888253583477e-01
9.558375116444592923e-01
9.563395344635572393e-01
9.568415572826587390e-01
9.573435801017569080e-01
9.578456029208579636e-01
9.583476257399556886e-01
9.588496485590576324e-01
9.593516713781550243e-01
9.598536941972567460e-01
9.603557170163545820e-01
9.608577398354559707e-01
9.613597626545526964e-01
9.618617854736548622e-01
9.623638082927555848e-01
9.628658311118541979e-01
9.633678539309551425e-01
9.638698767500538667e-01
9.643718995691544782e-01
9.648739223882524252e-01
9.653759452073533698e-01
9.658779680264517609e-01
9.663799908455534826e-01
9.668820136646509855e-01
9.673840364837530403e-01
9.678860593028505432e-01
9.683880821219514878e-01
9.688901049410491018e-01
9.693921277601510456e-01
9.698941505792486595e-01
9.703961733983501592e-01
9.708981962174479952e-01
9.714002190365498279e-01
9.719022418556472198e-01
9.724042646747489416e-01
9.729062874938467775e-01
9.734083103129484993e-01
9.739103331320454471e-01
9.744123559511479460e-01
9.749143787702458930e-01
9.754164015893463935e-01
9.759184244084445625e-01
9.764204472275461733e-01
9.769224700466440092e-01
9.774244928657445097e-01
9.779265156848433449e-01
9.784285385039446226e-01
9.789305613230424585e-01
9.794325841421430701e-01
9.799346069612417942e-01
9.804366297803426278e-01
9.809386525994401307e-01
9.814406754185412973e-01
9.819426982376439073e-01
9.824447210567408550e-01
9.829428803360671374e-01
9.834449031551659726e-01
9.839469259742669172e-01
9.844489487933639760e-01
9.849509716124646985e-01
9.854529944315638668e-01
9.859550172506642562e-01
9.864570400697623143e-01
9.869590628888639250e-01
9.874610857079622050e-01
9.879631085270624835e-01
9.884651313461607636e-01
9.889671541652624853e-01
9.894691769843604323e-01
9.899711998034610438e-01
9.904732226225599900e-01
9.909752454416611567e-01
9.914733275293591275e-01
9.919753503484604051e-01
9.924773731675584632e-01
9.929793959866596298e-01
9.934814188057574658e-01
9.939834416248594096e-01
9.944816067169295337e-01
9.949836295360307004e-01
9.954856523551283143e-01
9.959876751742305911e-01
9.964896979933282051e-01
9.969917208124292607e-01
9.974937436315277628e-01
9.979957664506289294e-01
9.984939315426990536e-01
9.989959543618003313e-01
9.994979771808986113e-01
1.000000000000000000e+00
